Time,"UTC TIME",Anum,Fnum,Height,Speed,Angle,Longitude,Latitude
1719639506,"2024-06-29 05:38:26",B9929,CZ3471,83.82,253.724,194,113.28871917725,23.396209716797
1719639521,"2024-06-29 05:38:41",B9929,CZ3471,91.44,303.728,194,113.28662109375,23.388240814209
1719639536,"2024-06-29 05:38:56",B9929,CZ3471,281.94,290.764,194,113.28383636475,23.377559661865
1719639551,"2024-06-29 05:39:11",B9929,CZ3471,464.82,279.652,201,113.28067779541,23.367139816284
1719639562,"2024-06-29 05:39:22",B9929,CZ3471,579.12,283.356,206,113.27753448486,23.360891342163
1719639576,"2024-06-29 05:39:36",B9929,CZ3471,731.52,288.912,208,113.2720413208,23.351070404053
1719639591,"2024-06-29 05:39:51",B9929,CZ3471,883.92,285.208,209,113.26664733887,23.341739654541
1719639606,"2024-06-29 05:40:06",B9929,CZ3471,1028.7,288.912,210,113.26094818115,23.332080841064
1719639621,"2024-06-29 05:40:21",B9929,CZ3471,1120.14,320.396,209,113.25521087646,23.32213973999
1719639636,"2024-06-29 05:40:36",B9929,CZ3471,1203.96,348.176,226,113.24681854248,23.311590194702
1719639651,"2024-06-29 05:40:51",B9929,CZ3471,1310.64,370.4,258,113.23368835449,23.306150436401
1719639666,"2024-06-29 05:41:06",B9929,CZ3471,1424.94,379.66,297,113.21900939941,23.308910369873
1719639681,"2024-06-29 05:41:21",B9929,CZ3471,1554.48,383.364,314,113.2071685791,23.318069458008
1719639696,"2024-06-29 05:41:36",B9929,CZ3471,1607.82,420.404,313,113.19509124756,23.328279495239
1719639711,"2024-06-29 05:41:51",B9929,CZ3471,1691.64,464.852,311,113.1809463501,23.339450836182
1719639726,"2024-06-29 05:42:06",B9929,CZ3471,1798.32,500.04,312,113.16589355469,23.351390838623
1719639741,"2024-06-29 05:42:21",B9929,CZ3471,1973.58,514.856,312,113.15028381348,23.363819122314
1719639756,"2024-06-29 05:42:36",B9929,CZ3471,2179.32,524.116,312,113.13394927979,23.376859664917
1719639771,"2024-06-29 05:42:51",B9929,CZ3471,2301.24,525.968,312,113.11778259277,23.389799118042
1719639786,"2024-06-29 05:43:06",B9929,CZ3471,2415.54,531.524,312,113.10195159912,23.402479171753
1719639801,"2024-06-29 05:43:21",B9929,CZ3471,2529.84,548.192,330,113.08674621582,23.419170379639
1719639816,"2024-06-29 05:43:36",B9929,CZ3471,2682.24,551.896,328,113.07572937012,23.437770843506
1719639831,"2024-06-29 05:43:51",B9929,CZ3471,2834.64,548.192,319,113.06178283691,23.45325088501
1719639846,"2024-06-29 05:44:06",B9929,CZ3471,2987.04,538.932,319,113.0470199585,23.468349456787
1719639861,"2024-06-29 05:44:21",B9929,CZ3471,3139.44,546.34,319,113.03182220459,23.484159469604
1719639876,"2024-06-29 05:44:36",B9929,CZ3471,3230.88,555.6,320,113.01747894287,23.499240875244
1719639891,"2024-06-29 05:44:51",B9929,CZ3471,3322.32,583.38,320,113.00206756592,23.515399932861
1719639906,"2024-06-29 05:45:06",B9929,CZ3471,3398.52,611.16,320,112.98603820801,23.532339096069
1719639921,"2024-06-29 05:45:21",B9929,CZ3471,3474.72,635.236,320,112.96936035156,23.550109863281
1719639936,"2024-06-29 05:45:36",B9929,CZ3471,3550.92,661.164,320,112.95134735107,23.569339752197
1719639951,"2024-06-29 05:45:51",B9929,CZ3471,3627.12,679.684,320,112.93354797363,23.588300704956
1719639966,"2024-06-29 05:46:06",B9929,CZ3471,3695.7,690.796,320,112.91493988037,23.608060836792
1719639981,"2024-06-29 05:46:21",B9929,CZ3471,3771.9,696.352,320,112.89643859863,23.627679824829
1719639996,"2024-06-29 05:46:36",B9929,CZ3471,3840.48,701.908,320,112.87796020508,23.647199630737
1719640011,"2024-06-29 05:46:51",B9929,CZ3471,3947.16,703.76,320,112.85928344727,23.666919708252
1719640026,"2024-06-29 05:47:06",B9929,CZ3471,4099.56,709.316,319,112.84037017822,23.686889648438
1719640041,"2024-06-29 05:47:21",B9929,CZ3471,4221.48,716.724,320,112.82113647461,23.707239151001
1719640056,"2024-06-29 05:47:36",B9929,CZ3471,4351.02,725.984,320,112.80126190186,23.728229522705
1719640071,"2024-06-29 05:47:51",B9929,CZ3471,4488.18,733.392,320,112.78211975098,23.748439788818
1719640086,"2024-06-29 05:48:06",B9929,CZ3471,4640.58,733.392,320,112.76226806641,23.769430160522
1719640101,"2024-06-29 05:48:21",B9929,CZ3471,4800.6,733.392,320,112.74231719971,23.790470123291
1719640116,"2024-06-29 05:48:36",B9929,CZ3471,4914.9,738.948,319,112.7229309082,23.810899734497
1719640131,"2024-06-29 05:48:51",B9929,CZ3471,5067.3,738.948,320,112.70247650146,23.832410812378
1719640146,"2024-06-29 05:49:06",B9929,CZ3471,5189.22,746.356,320,112.68250274658,23.853469848633
1719640161,"2024-06-29 05:49:21",B9929,CZ3471,5288.28,753.764,320,112.66265869141,23.874300003052
1719640176,"2024-06-29 05:49:36",B9929,CZ3471,5394.96,761.172,320,112.64196014404,23.896089553833
1719640191,"2024-06-29 05:49:51",B9929,CZ3471,5524.5,761.172,311,112.6205368042,23.916049957275
1719640206,"2024-06-29 05:50:06",B9929,CZ3471,5623.56,764.876,296,112.59390258789,23.93138885498
1719640221,"2024-06-29 05:50:21",B9929,CZ3471,5684.52,764.876,296,112.56555938721,23.943510055542
1719640236,"2024-06-29 05:50:36",B9929,CZ3471,5730.24,759.32,295,112.53717803955,23.955369949341
1719640251,"2024-06-29 05:50:51",B9929,CZ3471,5806.44,764.876,295,112.50829315186,23.967330932617
1719640266,"2024-06-29 05:51:06",B9929,CZ3471,5875.02,766.728,295,112.47988891602,23.979099273682
1719640281,"2024-06-29 05:51:21",B9929,CZ3471,5951.22,772.284,295,112.450050354,23.99135017395
1719640296,"2024-06-29 05:51:36",B9929,CZ3471,6019.8,774.136,295,112.42237091064,24.002750396729
1719640311,"2024-06-29 05:51:51",B9929,CZ3471,6096,775.988,295,112.39318847656,24.014759063721
1719640326,"2024-06-29 05:52:06",B9929,CZ3471,6172.2,777.84,295,112.36409759521,24.02672958374
1719640337,"2024-06-29 05:52:17",B9929,CZ3471,6225.54,777.84,295,112.34451293945,24.034790039062
1719640351,"2024-06-29 05:52:31",B9929,CZ3471,6286.5,779.692,295,112.3161315918,24.046459197998
1719640366,"2024-06-29 05:52:46",B9929,CZ3471,6309.36,781.544,295,112.28582000732,24.058940887451
1719640381,"2024-06-29 05:53:01",B9929,CZ3471,6316.98,783.396,301,112.2580871582,24.072389602661
1719640396,"2024-06-29 05:53:16",B9929,CZ3471,6309.36,787.1,307,112.22991943359,24.08989906311
1719640411,"2024-06-29 05:53:31",B9929,CZ3471,6309.36,790.804,307,112.20372772217,24.107219696045
1719640426,"2024-06-29 05:53:46",B9929,CZ3471,6309.36,794.508,307,112.17610931396,24.125419616699
1719640441,"2024-06-29 05:54:01",B9929,CZ3471,6309.36,794.508,306,112.14791870117,24.144039154053
1719640456,"2024-06-29 05:54:16",B9929,CZ3471,6309.36,792.656,307,112.12190246582,24.16121673584
1719640471,"2024-06-29 05:54:31",B9929,CZ3471,6347.46,792.656,307,112.09588623047,24.17839050293
1719640486,"2024-06-29 05:54:46",B9929,CZ3471,6454.14,794.508,307,112.06970214844,24.195602416992
1719640501,"2024-06-29 05:55:01",B9929,CZ3471,6545.58,798.212,306,112.04299926758,24.213134765625
1719640516,"2024-06-29 05:55:16",B9929,CZ3471,6637.02,801.916,307,112.01499176025,24.231557846069
1719640531,"2024-06-29 05:55:31",B9929,CZ3471,6728.46,807.472,306,111.98731994629,24.249805450439
1719640546,"2024-06-29 05:55:46",B9929,CZ3471,6827.52,805.62,307,111.96006011963,24.267774581909
1719640561,"2024-06-29 05:56:01",B9929,CZ3471,6911.34,807.472,306,111.93301391602,24.285604476929
1719640576,"2024-06-29 05:56:16",B9929,CZ3471,6987.54,814.88,306,111.90714263916,24.302627563477
1719640591,"2024-06-29 05:56:31",B9929,CZ3471,7040.88,822.288,306,111.87994384766,24.320518493652
1719640606,"2024-06-29 05:56:46",B9929,CZ3471,7132.32,822.288,307,111.85241699219,24.338607788086
1719640627,"2024-06-29 05:57:07",B9929,CZ3471,7200.9,827.844,306,111.82299041748,24.357900619507
1719640641,"2024-06-29 05:57:21",B9929,CZ3471,7239,837.104,307,111.79398345947,24.376920700073
1719640656,"2024-06-29 05:57:36",B9929,CZ3471,7322.82,837.104,306,111.7649307251,24.395965576172
1719640671,"2024-06-29 05:57:51",B9929,CZ3471,7421.88,837.104,307,111.73751831055,24.413955688477
1719640686,"2024-06-29 05:58:06",B9929,CZ3471,7520.94,837.104,306,111.70504760742,24.435176849365
1719640701,"2024-06-29 05:58:21",B9929,CZ3471,7581.9,844.512,313,111.67685699463,24.456125259399
1719640720,"2024-06-29 05:58:40",B9929,CZ3471,7642.86,851.92,323,111.65238952637,24.483129501343
1719640735,"2024-06-29 05:58:55",B9929,CZ3471,7741.92,859.328,336,111.63436889648,24.516040802002
1719640746,"2024-06-29 05:59:06",B9929,CZ3471,7780.02,857.476,337,111.62818908691,24.528469085693
1719640760,"2024-06-29 05:59:20",B9929,CZ3471,7886.7,853.772,336,111.61099243164,24.563060760498
1719640780,"2024-06-29 05:59:40",B9929,CZ3471,8031.48,844.512,328,111.59114074707,24.595455169678
1719640795,"2024-06-29 05:59:55",B9929,CZ3471,8122.92,840.808,319,111.57053375244,24.61962890625
1719640810,"2024-06-29 06:00:10",B9929,CZ3471,8206.74,837.104,309,111.54579925537,24.640937805176
1719640827,"2024-06-29 06:00:27",B9929,CZ3471,8313.42,835.252,306,111.50749969482,24.666400909424
1719640842,"2024-06-29 06:00:42",B9929,CZ3471,8389.62,835.252,306,111.47760772705,24.68586730957
1719640857,"2024-06-29 06:00:57",B9929,CZ3471,8412.48,844.512,306,111.44940948486,24.704248428345
1719640872,"2024-06-29 06:01:12",B9929,CZ3471,8412.48,855.624,306,111.42183685303,24.722217559814
1719640887,"2024-06-29 06:01:27",B9929,CZ3471,8412.48,868.588,305,111.39358520508,24.740615844727
1719640898,"2024-06-29 06:01:38",B9929,CZ3471,8412.48,870.44,305,111.37405395508,24.753314971924
1719640911,"2024-06-29 06:01:51",B9929,CZ3471,8412.48,874.144,306,111.35248565674,24.767349243164
1719640926,"2024-06-29 06:02:06",B9929,CZ3471,8412.48,875.996,305,111.32242584229,24.786895751953
1719640941,"2024-06-29 06:02:21",B9929,CZ3471,8412.48,870.44,305,111.29180908203,24.806762695312
1719640956,"2024-06-29 06:02:36",B9929,CZ3471,8412.48,867.4768,305.4,111.26279449463,24.825563430786
1719640971,"2024-06-29 06:02:51",B9929,CZ3471,8412.48,866.736,305,111.23392486572,24.844253540039
1719640986,"2024-06-29 06:03:06",B9929,CZ3471,8404.86,870.44,305,111.20417022705,24.863525390625
1719641001,"2024-06-29 06:03:21",B9929,CZ3471,8412.48,861.18,305,111.17553710938,24.882064819336
1719641016,"2024-06-29 06:03:36",B9929,CZ3471,8412.48,857.476,305,111.14334106445,24.902839660645
1719641031,"2024-06-29 06:03:51",B9929,CZ3471,8404.86,855.624,305,111.11354827881,24.922019958496
1719641046,"2024-06-29 06:04:06",B9929,CZ3471,8404.86,854.1424,305.4,111.08556365967,24.940082550049
1719641061,"2024-06-29 06:04:21",B9929,CZ3471,8397.24,855.624,305,111.05539703369,24.959564208984
1719641076,"2024-06-29 06:04:36",B9929,CZ3471,8404.86,859.328,305,111.02732086182,24.977645874023
1719641091,"2024-06-29 06:04:51",B9929,CZ3471,8404.86,850.068,305,110.99901580811,24.995944976807
1719641106,"2024-06-29 06:05:06",B9929,CZ3471,8412.48,833.4,305,110.97030639648,25.014612197876
1719641121,"2024-06-29 06:05:21",B9929,CZ3471,8427.72,816.732,305,110.94284057617,25.032348632812
1719641136,"2024-06-29 06:05:36",B9929,CZ3471,8412.48,827.844,305,110.91516876221,25.050085067749
1719641151,"2024-06-29 06:05:51",B9929,CZ3471,8412.48,840.808,305,110.88677215576,25.068239212036
1719641166,"2024-06-29 06:06:06",B9929,CZ3471,8404.86,850.068,305,110.85836029053,25.086547851562
1719641181,"2024-06-29 06:06:21",B9929,CZ3471,8404.86,857.1056,305.2,110.82971954346,25.104904174805
1719641196,"2024-06-29 06:06:36",B9929,CZ3471,8412.48,853.772,305,110.80144500732,25.123077392578
1719641211,"2024-06-29 06:06:51",B9929,CZ3471,8412.48,851.92,305,110.77281188965,25.141513824463
1719641226,"2024-06-29 06:07:06",B9929,CZ3471,8420.1,846.364,305.3,110.74348449707,25.16036605835
1719641241,"2024-06-29 06:07:21",B9929,CZ3471,8420.1,844.512,305,110.71543121338,25.178375244141
1719641256,"2024-06-29 06:07:36",B9929,CZ3471,8420.1,846.7344,305.1,110.68725585938,25.196365356445
1719641271,"2024-06-29 06:07:51",B9929,CZ3471,8412.48,849.3272,305.1,110.65808105469,25.215019226074
1719641286,"2024-06-29 06:08:06",B9929,CZ3471,8412.48,846.7344,305.1,110.62926483154,25.233501434326
1719641301,"2024-06-29 06:08:21",B9929,CZ3471,8420.1,846.7344,305.1,110.60079193115,25.251708984375
1719641316,"2024-06-29 06:08:36",B9929,CZ3471,8412.48,850.068,305,110.57257080078,25.269718170166
1719641331,"2024-06-29 06:08:51",B9929,CZ3471,8412.48,853.4016,305.1,110.5436706543,25.288192749023
1719641346,"2024-06-29 06:09:06",B9929,CZ3471,8412.48,857.476,305.1,110.51488494873,25.306549072266
1719641361,"2024-06-29 06:09:21",B9929,CZ3471,8412.48,861.18,305.2,110.48487091064,25.325729370117
1719641376,"2024-06-29 06:09:36",B9929,CZ3471,8412.48,860.0688,305.1,110.45654296875,25.343856811523
1719641391,"2024-06-29 06:09:51",B9929,CZ3471,8420.1,857.476,305.1,110.42768096924,25.362310409546
1719641406,"2024-06-29 06:10:06",B9929,CZ3471,8412.48,853.4016,305.1,110.39825439453,25.381072998047
1719641421,"2024-06-29 06:10:21",B9929,CZ3471,8412.48,850.068,305,110.36974334717,25.399227142334
1719641436,"2024-06-29 06:10:36",B9929,CZ3471,8412.48,848.216,305,110.34102630615,25.417419433594
1719641451,"2024-06-29 06:10:51",B9929,CZ3471,8412.48,848.216,305,110.31183624268,25.435913085938
1719641466,"2024-06-29 06:11:06",B9929,CZ3471,8404.86,846.364,305,110.28298950195,25.454204559326
1719641481,"2024-06-29 06:11:21",B9929,CZ3471,8404.86,848.216,305,110.25370788574,25.472826004028
1719641496,"2024-06-29 06:11:36",B9929,CZ3471,8404.86,847.29,304.9,110.22577667236,25.490562438965
1719641511,"2024-06-29 06:11:51",B9929,CZ3471,8412.48,845.6232,305,110.1969909668,25.5087890625
1719641526,"2024-06-29 06:12:06",B9929,CZ3471,8412.48,842.1044,304.9,110.16831207275,25.527009963989
1719641541,"2024-06-29 06:12:21",B9929,CZ3471,8412.48,842.66,305,110.13949584961,25.545215606689
1719641556,"2024-06-29 06:12:36",B9929,CZ3471,8412.48,840.808,305,110.11103057861,25.563217163086
1719641571,"2024-06-29 06:12:51",B9929,CZ3471,8412.48,838.956,305,110.08270263672,25.581161499023
1719641586,"2024-06-29 06:13:06",B9929,CZ3471,8412.48,840.9932,304.8,110.05396270752,25.599334716797
1719641601,"2024-06-29 06:13:21",B9929,CZ3471,8412.48,839.5116,304.8,110.02578735352,25.617095947266
1719641616,"2024-06-29 06:13:36",B9929,CZ3471,8412.48,839.5116,304.8,109.99745941162,25.634994506836
1719641631,"2024-06-29 06:13:51",B9929,CZ3471,8412.48,839.5116,304.8,109.96867370605,25.653120040894
1719641646,"2024-06-29 06:14:06",B9929,CZ3471,8412.48,838.956,305,109.94003295898,25.671180725098
1719641661,"2024-06-29 06:14:21",B9929,CZ3471,8412.48,838.956,305,109.91204833984,25.688827514648
1719641676,"2024-06-29 06:14:36",B9929,CZ3471,8412.48,838.956,305,109.88276672363,25.7073097229
1719641691,"2024-06-29 06:14:51",B9929,CZ3471,8412.48,837.104,305,109.85433197021,25.725219726562
1719641706,"2024-06-29 06:15:06",B9929,CZ3471,8420.1,835.252,305,109.82584381104,25.743118286133
1719641721,"2024-06-29 06:15:21",B9929,CZ3471,8420.1,833.4,305,109.79680633545,25.761337280273
1719641732,"2024-06-29 06:15:32",B9929,CZ3471,8420.1,833.4,305,109.77798461914,25.773181915283
1719641746,"2024-06-29 06:15:46",B9929,CZ3471,8412.48,835.252,305,109.75710296631,25.786310195923
1719641761,"2024-06-29 06:16:01",B9929,CZ3471,8412.48,833.4,305,109.72678375244,25.805349349976
1719641776,"2024-06-29 06:16:16",B9929,CZ3471,8412.48,833.4,303,109.69528198242,25.824779510498
1719641791,"2024-06-29 06:16:31",B9929,CZ3471,8412.48,831.548,298,109.66484832764,25.840900421143
1719641807,"2024-06-29 06:16:47",B9929,CZ3471,8412.48,831.548,294.1,109.63417816162,25.854217529297
1719641821,"2024-06-29 06:17:01",B9929,CZ3471,8412.48,831.548,289,109.59981536865,25.866119384766
1719641836,"2024-06-29 06:17:16",B9929,CZ3471,8404.86,833.4,287,109.56629180908,25.875370025635
1719641851,"2024-06-29 06:17:31",B9929,CZ3471,8404.86,833.4,287,109.54023742676,25.882345199585
1719641866,"2024-06-29 06:17:46",B9929,CZ3471,8404.86,837.104,286,109.50238800049,25.892440795898
1719641881,"2024-06-29 06:18:01",B9929,CZ3471,8404.86,838.956,287,109.46772003174,25.901689529419
1719641896,"2024-06-29 06:18:16",B9929,CZ3471,8404.86,838.956,287,109.4328994751,25.910890579224
1719641911,"2024-06-29 06:18:31",B9929,CZ3471,8412.48,840.808,287,109.399269104,25.919820785522
1719641926,"2024-06-29 06:18:46",B9929,CZ3471,8412.48,840.808,284,109.36531829834,25.927690505981
1719641941,"2024-06-29 06:19:01",B9929,CZ3471,8420.1,840.808,282,109.33106994629,25.934049606323
1719641960,"2024-06-29 06:19:20",B9929,CZ3471,8427.72,838.956,282,109.29373168945,25.940675735474
1719641975,"2024-06-29 06:19:35",B9929,CZ3471,8427.72,837.104,282,109.2604598999,25.946590423584
1719641986,"2024-06-29 06:19:46",B9929,CZ3471,8427.72,837.104,281,109.23829650879,25.950529098511
1719642000,"2024-06-29 06:20:00",B9929,CZ3471,8427.72,835.252,282,109.20192718506,25.956939697266
1719642015,"2024-06-29 06:20:15",B9929,CZ3471,8427.72,833.4,282,109.16776275635,25.962970733643
1719642030,"2024-06-29 06:20:30",B9929,CZ3471,8420.1,831.548,282,109.13379669189,25.968980789185
1719642045,"2024-06-29 06:20:45",B9929,CZ3471,8427.72,827.844,281,109.09951782227,25.975030899048
1719642059,"2024-06-29 06:20:59",B9929,CZ3471,8427.72,825.992,282,109.06265258789,25.981550216675
1719642075,"2024-06-29 06:21:15",B9929,CZ3471,8420.1,825.992,281,109.02984619141,25.987319946289
1719642089,"2024-06-29 06:21:29",B9929,CZ3471,8412.48,824.14,281,109.00126647949,25.992324829102
1719642104,"2024-06-29 06:21:44",B9929,CZ3471,8412.48,822.288,281,108.96172332764,25.999240875244
1719642119,"2024-06-29 06:21:59",B9929,CZ3471,8404.86,822.288,278,108.93840789795,26.002670288086
1719642134,"2024-06-29 06:22:14",B9929,CZ3471,8412.48,824.14,267,108.90229034424,26.003429412842
1719642149,"2024-06-29 06:22:29",B9929,CZ3471,8412.48,829.696,255,108.86585998535,25.997310638428
1719642163,"2024-06-29 06:22:43",B9929,CZ3471,8412.48,833.4,251,108.83309936523,25.987321853638
1719642177,"2024-06-29 06:22:57",B9929,CZ3471,8412.48,831.548,252,108.79992675781,25.977029800415
1719642192,"2024-06-29 06:23:12",B9929,CZ3471,8404.86,831.548,252,108.76612854004,25.966466903687
1719642207,"2024-06-29 06:23:27",B9929,CZ3471,8404.86,831.548,251,108.73475646973,25.956689834595
1719642222,"2024-06-29 06:23:42",B9929,CZ3471,8412.48,829.696,251,108.70157623291,25.946369171143
1719642237,"2024-06-29 06:23:57",B9929,CZ3471,8404.86,833.4,251,108.66904449463,25.936206817627
1719642252,"2024-06-29 06:24:12",B9929,CZ3471,8404.86,833.4,251,108.63665008545,25.926086425781
1719642267,"2024-06-29 06:24:27",B9929,CZ3471,8404.86,833.4,252,108.61265563965,25.918762207031
1719642282,"2024-06-29 06:24:42",B9929,CZ3471,8404.86,831.548,261,108.57923126221,25.91194152832
1719642297,"2024-06-29 06:24:57",B9929,CZ3471,8404.86,829.696,266,108.54434204102,25.90896987915
1719642312,"2024-06-29 06:25:12",B9929,CZ3471,8412.48,827.844,267,108.51048278809,25.907018661499
1719642327,"2024-06-29 06:25:27",B9929,CZ3471,8412.48,829.696,267,108.4761505127,25.905202865601
1719642342,"2024-06-29 06:25:42",B9929,CZ3471,8412.48,827.844,267,108.44190216064,25.903150558472
1719642357,"2024-06-29 06:25:57",B9929,CZ3471,8412.48,829.696,267,108.40473937988,25.900779724121
1719642372,"2024-06-29 06:26:12",B9929,CZ3471,8412.48,827.844,265,108.37109375,25.898500442505
1719642388,"2024-06-29 06:26:28",B9929,CZ3471,8412.48,827.844,265,108.33628845215,25.89594078064
1719642402,"2024-06-29 06:26:42",B9929,CZ3471,8412.48,827.844,266,108.30187988281,25.893449783325
1719642417,"2024-06-29 06:26:57",B9929,CZ3471,8412.48,827.844,266,108.26767730713,25.890960693359
1719642432,"2024-06-29 06:27:12",B9929,CZ3471,8412.48,831.548,266,108.23281860352,25.888580322266
1719642447,"2024-06-29 06:27:27",B9929,CZ3471,8404.86,831.548,266,108.19848632812,25.886260986328
1719642462,"2024-06-29 06:27:42",B9929,CZ3471,8404.86,833.4,266,108.16177368164,25.8837890625
1719642477,"2024-06-29 06:27:57",B9929,CZ3471,8412.48,833.4,267,108.12744140625,25.881591796875
1719642492,"2024-06-29 06:28:12",B9929,CZ3471,8420.1,833.4,267,108.09278869629,25.879409790039
1719642503,"2024-06-29 06:28:23",B9929,CZ3471,8420.1,831.548,266,108.07028961182,25.878019332886
1719642517,"2024-06-29 06:28:37",B9929,CZ3471,8420.1,831.548,266,108.03490447998,25.875782012939
1719642532,"2024-06-29 06:28:52",B9929,CZ3471,8420.1,831.548,267,108.00141906738,25.873687744141
1719642547,"2024-06-29 06:29:07",B9929,CZ3471,8420.1,829.696,266,107.96697998047,25.871685028076
1719642562,"2024-06-29 06:29:22",B9929,CZ3471,8420.1,829.696,266,107.93202209473,25.869640350342
1719642577,"2024-06-29 06:29:37",B9929,CZ3471,8420.1,829.696,266,107.89794158936,25.867681503296
1719642592,"2024-06-29 06:29:52",B9929,CZ3471,8412.48,831.548,266,107.86360931396,25.865520477295
1719642603,"2024-06-29 06:30:03",B9929,CZ3471,8412.48,833.4,266,107.84111785889,25.864059448242
1719642617,"2024-06-29 06:30:17",B9929,CZ3471,8412.48,831.548,266,107.80645751953,25.861953735352
1719642633,"2024-06-29 06:30:33",B9929,CZ3471,8412.48,831.548,267,107.77116394043,25.860122680664
1719642647,"2024-06-29 06:30:47",B9929,CZ3471,8412.48,833.4,267,107.73699951172,25.858320236206
1719642662,"2024-06-29 06:31:02",B9929,CZ3471,8404.86,835.252,267,107.70321655273,25.856460571289
1719642677,"2024-06-29 06:31:17",B9929,CZ3471,8404.86,833.4,267,107.66876220703,25.854740142822
1719642692,"2024-06-29 06:31:32",B9929,CZ3471,8412.48,833.4,268,107.63347625732,25.853017807007
1719642703,"2024-06-29 06:31:43",B9929,CZ3471,8412.48,837.104,272,107.61081695557,25.85311126709
1719642717,"2024-06-29 06:31:57",B9929,CZ3471,8412.48,835.252,283,107.57615661621,25.857604980469
1719642732,"2024-06-29 06:32:12",B9929,CZ3471,8420.1,837.104,292,107.54273223877,25.867309570312
1719642747,"2024-06-29 06:32:27",B9929,CZ3471,8427.72,835.252,298,107.5124130249,25.880767822266
1719642762,"2024-06-29 06:32:42",B9929,CZ3471,8427.72,833.4,299,107.48125457764,25.896078109741
1719642777,"2024-06-29 06:32:57",B9929,CZ3471,8420.1,831.548,299,107.45151519775,25.91088104248
1719642792,"2024-06-29 06:33:12",B9929,CZ3471,8420.1,831.548,299,107.42024993896,25.926523208618
1719642807,"2024-06-29 06:33:27",B9929,CZ3471,8412.48,831.548,299,107.39109039307,25.94095993042
1719642818,"2024-06-29 06:33:38",B9929,CZ3471,8412.48,833.4,301,107.37104034424,25.951354980469
1719642832,"2024-06-29 06:33:52",B9929,CZ3471,8412.48,833.4,304,107.34119415283,25.968795776367
1719642847,"2024-06-29 06:34:07",B9929,CZ3471,8412.48,831.548,305,107.31349945068,25.985919952393
1719642862,"2024-06-29 06:34:22",B9929,CZ3471,8412.48,831.548,305,107.28429412842,26.004173278809
1719642877,"2024-06-29 06:34:37",B9929,CZ3471,8412.48,831.548,305,107.25563049316,26.021850585938
1719642892,"2024-06-29 06:34:52",B9929,CZ3471,8412.48,831.548,304,107.22772216797,26.039041519165
1719642907,"2024-06-29 06:35:07",B9929,CZ3471,8412.48,829.696,302,107.19904327393,26.056079864502
1719642922,"2024-06-29 06:35:22",B9929,CZ3471,8412.48,829.696,294,107.16761779785,26.070369720459
1719642938,"2024-06-29 06:35:38",B9929,CZ3471,8412.48,827.844,289,107.13540649414,26.080764770508
1719642952,"2024-06-29 06:35:52",B9929,CZ3471,8420.1,829.696,290,107.10227966309,26.090993881226
1719642963,"2024-06-29 06:36:03",B9929,CZ3471,8412.48,829.696,290,107.07975006104,26.098480224609
1719642977,"2024-06-29 06:36:17",B9929,CZ3471,8412.48,827.844,289,107.04835510254,26.108123779297
1719642992,"2024-06-29 06:36:32",B9929,CZ3471,8420.1,820.436,289,107.01564788818,26.117799758911
1719643007,"2024-06-29 06:36:47",B9929,CZ3471,8420.1,822.288,288,106.98370361328,26.127210617065
1719643022,"2024-06-29 06:37:02",B9929,CZ3471,8420.1,818.584,288,106.95071411133,26.136840820312
1719643037,"2024-06-29 06:37:17",B9929,CZ3471,8420.1,816.732,288,106.9181137085,26.146362304688
1719643052,"2024-06-29 06:37:32",B9929,CZ3471,8412.48,816.732,288,106.88651275635,26.155654907227
1719643067,"2024-06-29 06:37:47",B9929,CZ3471,8412.48,816.732,288,106.85382080078,26.165243148804
1719643082,"2024-06-29 06:38:02",B9929,CZ3471,8404.86,813.028,289,106.82173156738,26.174699783325
1719643097,"2024-06-29 06:38:17",B9929,CZ3471,8404.86,818.584,298,106.7905960083,26.187076568604
1719643113,"2024-06-29 06:38:33",B9929,CZ3471,8397.24,824.14,308,106.76099395752,26.20491027832
1719643127,"2024-06-29 06:38:47",B9929,CZ3471,8404.86,825.992,315,106.73683166504,26.224409103394
1719643142,"2024-06-29 06:39:02",B9929,CZ3471,8404.86,831.548,321,106.71341705322,26.247989654541
1719643157,"2024-06-29 06:39:17",B9929,CZ3471,8412.48,829.696,325,106.69284820557,26.273300170898
1719643172,"2024-06-29 06:39:32",B9929,CZ3471,8412.48,829.696,324,106.67269897461,26.298570632935
1719643187,"2024-06-29 06:39:47",B9929,CZ3471,8420.1,827.844,324,106.65252685547,26.323846817017
1719643202,"2024-06-29 06:40:02",B9929,CZ3471,8412.48,829.696,324,106.63272857666,26.348693847656
1719643218,"2024-06-29 06:40:18",B9929,CZ3471,8412.48,829.696,324,106.61280822754,26.373750686646
1719643232,"2024-06-29 06:40:32",B9929,CZ3471,8412.48,827.844,324,106.59252166748,26.399169921875
1719643247,"2024-06-29 06:40:47",B9929,CZ3471,8412.48,827.844,324,106.57266998291,26.42421913147
1719643262,"2024-06-29 06:41:02",B9929,CZ3471,8412.48,825.992,324,106.55255889893,26.449449539185
1719643277,"2024-06-29 06:41:17",B9929,CZ3471,8412.48,825.992,324,106.53209686279,26.475048065186
1719643292,"2024-06-29 06:41:32",B9929,CZ3471,8412.48,825.992,324,106.5121307373,26.500089645386
1719643307,"2024-06-29 06:41:47",B9929,CZ3471,8412.48,827.844,326,106.49185180664,26.52597618103
1719643322,"2024-06-29 06:42:02",B9929,CZ3471,8404.86,831.548,329,106.47348022461,26.55207824707
1719643337,"2024-06-29 06:42:17",B9929,CZ3471,8404.86,833.4,330,106.45627593994,26.578765869141
1719643352,"2024-06-29 06:42:32",B9929,CZ3471,8404.86,835.252,330,106.43881988525,26.605810165405
1719643367,"2024-06-29 06:42:47",B9929,CZ3471,8404.86,837.104,330,106.42128753662,26.632949829102
1719643382,"2024-06-29 06:43:02",B9929,CZ3471,8412.48,837.104,330,106.40357208252,26.660385131836
1719643397,"2024-06-29 06:43:17",B9929,CZ3471,8420.1,835.252,330,106.3861618042,26.687229156494
1719643412,"2024-06-29 06:43:32",B9929,CZ3471,8420.1,837.104,330,106.36859130859,26.714492797852
1719643427,"2024-06-29 06:43:47",B9929,CZ3471,8420.1,835.252,330,106.35103607178,26.741746902466
1719643442,"2024-06-29 06:44:02",B9929,CZ3471,8420.1,833.4,330,106.33365631104,26.768980026245
1719643457,"2024-06-29 06:44:17",B9929,CZ3471,8420.1,833.4,327,106.31496429443,26.795934677124
1719643472,"2024-06-29 06:44:32",B9929,CZ3471,8420.1,831.548,323,106.29484558105,26.821380615234
1719643487,"2024-06-29 06:44:47",B9929,CZ3471,8420.1,829.696,323,106.27381134033,26.846420288086
1719643502,"2024-06-29 06:45:02",B9929,CZ3471,8420.1,829.696,323,106.25326538086,26.870929718018
1719643517,"2024-06-29 06:45:17",B9929,CZ3471,8420.1,827.844,324,106.23224639893,26.895969390869
1719643532,"2024-06-29 06:45:32",B9929,CZ3471,8412.48,842.66,323,106.21147155762,26.9206199646
1719643547,"2024-06-29 06:45:47",B9929,CZ3471,8404.86,848.216,323,106.18965148926,26.946441650391
1719643562,"2024-06-29 06:46:02",B9929,CZ3471,8412.48,846.364,323,106.16833496094,26.971761703491
1719643577,"2024-06-29 06:46:17",B9929,CZ3471,8412.48,846.364,323,106.1470489502,26.9970703125
1719643592,"2024-06-29 06:46:32",B9929,CZ3471,8412.48,846.364,323,106.12548828125,27.022609710693
1719643607,"2024-06-29 06:46:47",B9929,CZ3471,8412.48,842.66,323,106.10426330566,27.047828674316
1719643622,"2024-06-29 06:47:02",B9929,CZ3471,8412.48,842.66,323,106.08308410645,27.072919845581
1719643637,"2024-06-29 06:47:17",B9929,CZ3471,8412.48,846.364,323,106.0598449707,27.100431442261
1719643652,"2024-06-29 06:47:32",B9929,CZ3471,8412.48,846.364,323,106.03797912598,27.126222610474
1719643667,"2024-06-29 06:47:47",B9929,CZ3471,8412.48,844.512,323,106.01651000977,27.151660919189
1719643682,"2024-06-29 06:48:02",B9929,CZ3471,8412.48,844.512,323,105.99588012695,27.175985336304
1719643697,"2024-06-29 06:48:17",B9929,CZ3471,8420.1,842.66,323,105.9743347168,27.2014503479
1719643712,"2024-06-29 06:48:32",B9929,CZ3471,8420.1,842.66,323,105.95276641846,27.226867675781
1719643727,"2024-06-29 06:48:47",B9929,CZ3471,8420.1,838.956,323,105.93212890625,27.251310348511
1719643742,"2024-06-29 06:49:02",B9929,CZ3471,8427.72,837.104,323,105.90999603271,27.277376174927
1719643758,"2024-06-29 06:49:18",B9929,CZ3471,8420.1,835.252,323,105.88845062256,27.30274772644
1719643772,"2024-06-29 06:49:32",B9929,CZ3471,8420.1,835.252,323,105.8677444458,27.327047348022
1719643787,"2024-06-29 06:49:47",B9929,CZ3471,8412.48,835.252,323,105.84684753418,27.351608276367
1719643802,"2024-06-29 06:50:02",B9929,CZ3471,8412.48,833.4,323,105.82518005371,27.377010345459
1719643817,"2024-06-29 06:50:17",B9929,CZ3471,8412.48,833.4,323,105.80409240723,27.401819229126
1719643832,"2024-06-29 06:50:32",B9929,CZ3471,8404.86,833.4,323,105.78076934814,27.429239273071
1719643847,"2024-06-29 06:50:47",B9929,CZ3471,8404.86,833.4,323,105.76014709473,27.453439712524
1719643862,"2024-06-29 06:51:02",B9929,CZ3471,8412.48,831.548,323,105.73880767822,27.478479385376
1719643877,"2024-06-29 06:51:17",B9929,CZ3471,8412.48,831.548,323,105.71806335449,27.502880096436
1719643892,"2024-06-29 06:51:32",B9929,CZ3471,8412.48,831.548,323,105.69709014893,27.527410507202
1719643907,"2024-06-29 06:51:47",B9929,CZ3471,8404.86,833.4,323,105.6812210083,27.545930862427
1719643922,"2024-06-29 06:52:02",B9929,CZ3471,8404.86,833.4,323,105.65960693359,27.57114982605
1719643937,"2024-06-29 06:52:17",B9929,CZ3471,8404.86,835.252,323,105.63671112061,27.597839355469
1719643952,"2024-06-29 06:52:32",B9929,CZ3471,8404.86,838.956,323,105.6150970459,27.623149871826
1719643967,"2024-06-29 06:52:47",B9929,CZ3471,8404.86,840.808,323,105.59419250488,27.647653579712
1719643983,"2024-06-29 06:53:03",B9929,CZ3471,8404.86,842.66,323,105.57263946533,27.672790527344
1719643997,"2024-06-29 06:53:17",B9929,CZ3471,8404.86,842.66,323,105.5512008667,27.697906494141
1719644012,"2024-06-29 06:53:32",B9929,CZ3471,8412.48,842.66,323,105.52922821045,27.723489761353
1719644027,"2024-06-29 06:53:47",B9929,CZ3471,8420.1,842.66,323,105.50520324707,27.751510620117
1719644042,"2024-06-29 06:54:02",B9929,CZ3471,8420.1,842.66,323,105.48377990723,27.77640914917
1719644057,"2024-06-29 06:54:17",B9929,CZ3471,8420.1,844.512,324,105.46173095703,27.802299499512
1719644072,"2024-06-29 06:54:32",B9929,CZ3471,8420.1,846.364,327,105.44181060791,27.827899932861
1719644087,"2024-06-29 06:54:47",B9929,CZ3471,8420.1,846.364,329,105.42227172852,27.855699539185
1719644102,"2024-06-29 06:55:02",B9929,CZ3471,8420.1,848.216,329,105.40361022949,27.882389068604
1719644117,"2024-06-29 06:55:17",B9929,CZ3471,8420.1,844.512,328,105.3849029541,27.908979415894
1719644132,"2024-06-29 06:55:32",B9929,CZ3471,8420.1,844.512,328,105.36598968506,27.935899734497
1719644147,"2024-06-29 06:55:47",B9929,CZ3471,8420.1,842.66,328,105.34697723389,27.962860107422
1719644162,"2024-06-29 06:56:02",B9929,CZ3471,8420.1,840.808,328,105.32727050781,27.990699768066
1719644177,"2024-06-29 06:56:17",B9929,CZ3471,8420.1,840.808,328,105.30860137939,28.016969680786
1719644192,"2024-06-29 06:56:32",B9929,CZ3471,8412.48,840.808,328,105.28938293457,28.044069290161
1719644203,"2024-06-29 06:56:43",B9929,CZ3471,8404.86,840.808,328,105.27703094482,28.061460494995
1719644217,"2024-06-29 06:56:57",B9929,CZ3471,8404.86,842.66,328,105.25811004639,28.088150024414
1719644232,"2024-06-29 06:57:12",B9929,CZ3471,8404.86,844.512,328,105.23883056641,28.115299224854
1719644247,"2024-06-29 06:57:27",B9929,CZ3471,8313.42,840.808,328,105.21991729736,28.141939163208
1719644262,"2024-06-29 06:57:42",B9929,CZ3471,8199.12,831.548,328,105.20114898682,28.168390274048
1719644277,"2024-06-29 06:57:57",B9929,CZ3471,8092.44,827.844,328,105.18218994141,28.195150375366
1719644292,"2024-06-29 06:58:12",B9929,CZ3471,7985.76,818.584,324,105.16319274902,28.219669342041
1719644307,"2024-06-29 06:58:27",B9929,CZ3471,7879.08,813.028,321,105.14111328125,28.244060516357
1719644322,"2024-06-29 06:58:42",B9929,CZ3471,7764.78,811.176,320,105.11850738525,28.267910003662
1719644337,"2024-06-29 06:58:57",B9929,CZ3471,7665.72,809.324,320,105.09754180908,28.290210723877
1719644352,"2024-06-29 06:59:12",B9929,CZ3471,7559.04,803.768,320,105.075340271,28.313629150391
1719644367,"2024-06-29 06:59:27",B9929,CZ3471,7452.36,800.064,320,105.05322265625,28.336944580078
1719644382,"2024-06-29 06:59:42",B9929,CZ3471,7345.68,792.656,321,105.03150177002,28.359903335571
1719644397,"2024-06-29 06:59:57",B9929,CZ3471,7246.62,785.248,320,105.01028442383,28.382293701172
1719644412,"2024-06-29 07:00:12",B9929,CZ3471,7200.9,781.544,320,104.9888381958,28.404830932617
1719644427,"2024-06-29 07:00:27",B9929,CZ3471,7193.28,785.248,320,104.97151184082,28.423030853271
1719644442,"2024-06-29 07:00:42",B9929,CZ3471,7185.66,788.952,321,104.94975280762,28.4459400177
1719644457,"2024-06-29 07:00:57",B9929,CZ3471,7193.28,788.952,321,104.92810058594,28.468740463257
1719644472,"2024-06-29 07:01:12",B9929,CZ3471,7193.28,785.248,320,104.90596008301,28.492080688477
1719644487,"2024-06-29 07:01:27",B9929,CZ3471,7193.28,781.544,320,104.8857421875,28.513370513916
1719644502,"2024-06-29 07:01:42",B9929,CZ3471,7200.9,777.84,320,104.86444854736,28.535730361938
1719644517,"2024-06-29 07:01:57",B9929,CZ3471,7193.28,775.988,320,104.84310913086,28.558179855347
1719644532,"2024-06-29 07:02:12",B9929,CZ3471,7193.28,777.84,320,104.82131195068,28.581029891968
1719644547,"2024-06-29 07:02:27",B9929,CZ3471,7193.28,781.544,320,104.80053710938,28.602769851685
1719644562,"2024-06-29 07:02:42",B9929,CZ3471,7193.28,781.544,320,104.77870941162,28.625579833984
1719644577,"2024-06-29 07:02:57",B9929,CZ3471,7193.28,781.544,320,104.75759887695,28.6477394104
1719644592,"2024-06-29 07:03:12",B9929,CZ3471,7193.28,781.544,320,104.73619842529,28.670150756836
1719644607,"2024-06-29 07:03:27",B9929,CZ3471,7193.28,781.544,320,104.7142868042,28.693040847778
1719644622,"2024-06-29 07:03:42",B9929,CZ3471,7155.18,779.692,320,104.69243621826,28.715789794922
1719644637,"2024-06-29 07:03:57",B9929,CZ3471,7063.74,775.988,320,104.67186737061,28.737255096436
1719644652,"2024-06-29 07:04:12",B9929,CZ3471,6964.68,775.988,320,104.64974212646,28.760280609131
1719644667,"2024-06-29 07:04:27",B9929,CZ3471,6850.38,774.136,320,104.62882232666,28.782070159912
1719644682,"2024-06-29 07:04:42",B9929,CZ3471,6743.7,770.432,320,104.60778045654,28.8040599823
1719644697,"2024-06-29 07:04:57",B9929,CZ3471,6637.02,768.58,320,104.58657073975,28.826250076294
1719644712,"2024-06-29 07:05:12",B9929,CZ3471,6507.48,766.728,323,104.56411743164,28.85120010376
1719644727,"2024-06-29 07:05:27",B9929,CZ3471,6393.18,761.172,328,104.54615783691,28.87486076355
1719644742,"2024-06-29 07:05:42",B9929,CZ3471,6286.5,753.764,329,104.52941894531,28.89847946167
1719644757,"2024-06-29 07:05:57",B9929,CZ3471,6179.82,746.356,328,104.51245117188,28.922250747681
1719644772,"2024-06-29 07:06:12",B9929,CZ3471,6065.52,746.356,328,104.49549102783,28.945995330811
1719644787,"2024-06-29 07:06:27",B9929,CZ3471,5958.84,746.356,328,104.47813415527,28.970260620117
1719644802,"2024-06-29 07:06:42",B9929,CZ3471,5844.54,744.504,328,104.46165466309,28.993377685547
1719644817,"2024-06-29 07:06:57",B9929,CZ3471,5730.24,738.948,328,104.44506835938,29.016677856445
1719644832,"2024-06-29 07:07:12",B9929,CZ3471,5615.94,740.8,328,104.4280090332,29.040590286255
1719644847,"2024-06-29 07:07:27",B9929,CZ3471,5509.26,742.652,328,104.41116333008,29.064100265503
1719644862,"2024-06-29 07:07:42",B9929,CZ3471,5387.34,740.8,328,104.39430236816,29.087650299072
1719644877,"2024-06-29 07:07:57",B9929,CZ3471,5273.04,737.096,328,104.37741088867,29.111249923706
1719644892,"2024-06-29 07:08:12",B9929,CZ3471,5158.74,738.948,328,104.35945129395,29.136339187622
1719644907,"2024-06-29 07:08:27",B9929,CZ3471,5097.78,735.244,328,104.34143829346,29.161470413208
1719644923,"2024-06-29 07:08:43",B9929,CZ3471,5082.54,740.8,328,104.32384490967,29.186096191406
1719644937,"2024-06-29 07:08:57",B9929,CZ3471,5082.54,744.504,328,104.30657196045,29.210130691528
1719644949,"2024-06-29 07:09:09",B9929,CZ3471,5090.16,746.356,328,104.29536437988,29.225774765015
1719644962,"2024-06-29 07:09:22",B9929,CZ3471,5090.16,746.356,328,104.27813720703,29.249841690063
1719644977,"2024-06-29 07:09:37",B9929,CZ3471,5090.16,746.356,326,104.2604675293,29.274032592773
1719644992,"2024-06-29 07:09:52",B9929,CZ3471,5090.16,746.356,325,104.2427520752,29.296346664429
1719645007,"2024-06-29 07:10:07",B9929,CZ3471,5067.3,744.504,325,104.22486877441,29.318759918213
1719645022,"2024-06-29 07:10:22",B9929,CZ3471,5021.58,744.504,325,104.21060180664,29.336521148682
1719645037,"2024-06-29 07:10:37",B9929,CZ3471,4953,744.504,325,104.19299316406,29.358489990234
1719645052,"2024-06-29 07:10:52",B9929,CZ3471,4876.8,748.208,325,104.17414093018,29.381910324097
1719645067,"2024-06-29 07:11:07",B9929,CZ3471,4800.6,740.8,325,104.15593719482,29.404499053955
1719645082,"2024-06-29 07:11:22",B9929,CZ3471,4724.4,731.54,325,104.13768005371,29.427158355713
1719645097,"2024-06-29 07:11:37",B9929,CZ3471,4655.82,725.984,325,104.11974334717,29.449317932129
1719645112,"2024-06-29 07:11:52",B9929,CZ3471,4587.24,720.428,325,104.10181427002,29.471616744995
1719645127,"2024-06-29 07:12:07",B9929,CZ3471,4518.66,713.02,325,104.08389282227,29.493804931641
1719645142,"2024-06-29 07:12:22",B9929,CZ3471,4434.84,709.316,325,104.06519317627,29.517059326172
1719645157,"2024-06-29 07:12:37",B9929,CZ3471,4358.64,705.612,325,104.04602050781,29.540840148926
1719645172,"2024-06-29 07:12:52",B9929,CZ3471,4282.44,700.056,325,104.0291595459,29.561700820923
1719645187,"2024-06-29 07:13:07",B9929,CZ3471,4206.24,690.796,325,104.01193237305,29.583015441895
1719645202,"2024-06-29 07:13:22",B9929,CZ3471,4130.04,668.572,325,103.99547576904,29.603393554688
1719645217,"2024-06-29 07:13:37",B9929,CZ3471,4046.22,648.2,325,103.97778320312,29.62532043457
1719645228,"2024-06-29 07:13:48",B9929,CZ3471,4000.5,637.088,325,103.96733856201,29.638229370117
1719645242,"2024-06-29 07:14:02",B9929,CZ3471,3931.92,624.124,325,103.953956604,29.654750823975
1719645257,"2024-06-29 07:14:17",B9929,CZ3471,3848.1,607.456,325,103.9367980957,29.675930023193
1719645272,"2024-06-29 07:14:32",B9929,CZ3471,3764.28,596.344,325,103.92147064209,29.694719314575
1719645287,"2024-06-29 07:14:47",B9929,CZ3471,3695.7,590.788,325,103.90879821777,29.710369110107
1719645302,"2024-06-29 07:15:02",B9929,CZ3471,3627.12,590.788,325,103.89353179932,29.729139328003
1719645317,"2024-06-29 07:15:17",B9929,CZ3471,3558.54,590.788,341,103.88123321533,29.749629974365
1719645332,"2024-06-29 07:15:32",B9929,CZ3471,3467.1,575.972,6,103.87905883789,29.772260665894
1719645347,"2024-06-29 07:15:47",B9929,CZ3471,3406.14,561.156,21,103.88756561279,29.794647216797
1719645367,"2024-06-29 07:16:07",B9929,CZ3471,3337.56,551.896,21,103.8975982666,29.816520690918
1719645382,"2024-06-29 07:16:22",B9929,CZ3471,3246.12,546.34,21,103.90789794922,29.839279174805
1719645402,"2024-06-29 07:16:42",B9929,CZ3471,3169.92,542.636,21,103.91683197021,29.858779907227
1719645417,"2024-06-29 07:16:57",B9929,CZ3471,3093.72,531.524,22,103.92607116699,29.878650665283
1719645432,"2024-06-29 07:17:12",B9929,CZ3471,3040.38,509.3,21,103.93509674072,29.898189544678
1719645447,"2024-06-29 07:17:27",B9929,CZ3471,2979.42,494.484,22,103.94396209717,29.917400360107
1719645462,"2024-06-29 07:17:42",B9929,CZ3471,2941.32,481.52,21,103.95070648193,29.932020187378
1719645477,"2024-06-29 07:17:57",B9929,CZ3471,2880.36,468.556,21,103.95861816406,29.949239730835
1719645492,"2024-06-29 07:18:12",B9929,CZ3471,2796.54,463,21,103.96636962891,29.96603012085
1719645512,"2024-06-29 07:18:32",B9929,CZ3471,2689.86,461.148,21,103.97515869141,29.984994888306
1719645527,"2024-06-29 07:18:47",B9929,CZ3471,2583.18,461.148,21,103.9831237793,30.002170562744
1719645542,"2024-06-29 07:19:02",B9929,CZ3471,2537.46,448.184,22,103.99044036865,30.01807975769
1719645557,"2024-06-29 07:19:17",B9929,CZ3471,2506.98,435.22,21,103.99814605713,30.03483581543
1719645572,"2024-06-29 07:19:32",B9929,CZ3471,2499.36,412.996,22,104.00553894043,30.050773620605
1719645587,"2024-06-29 07:19:47",B9929,CZ3471,2499.36,405.588,22,104.01197814941,30.064769744873
1719645598,"2024-06-29 07:19:58",B9929,CZ3471,2499.36,398.18,22,104.01640319824,30.074249267578
1719645612,"2024-06-29 07:20:12",B9929,CZ3471,2499.36,396.328,22,104.02205657959,30.086288452148
1719645627,"2024-06-29 07:20:27",B9929,CZ3471,2499.36,398.18,22,104.02849578857,30.100164413452
1719645642,"2024-06-29 07:20:42",B9929,CZ3471,2499.36,396.328,22,104.0353012085,30.114669799805
1719645657,"2024-06-29 07:20:57",B9929,CZ3471,2499.36,398.18,22,104.04145812988,30.127910614014
1719645672,"2024-06-29 07:21:12",B9929,CZ3471,2430.78,401.884,22,104.04795837402,30.14176940918
1719645687,"2024-06-29 07:21:27",B9929,CZ3471,2354.58,401.884,22,104.05442047119,30.155731201172
1719645702,"2024-06-29 07:21:42",B9929,CZ3471,2278.38,401.884,22,104.06085205078,30.169574737549
1719645717,"2024-06-29 07:21:57",B9929,CZ3471,2209.8,400.032,22,104.06749725342,30.183729171753
1719645732,"2024-06-29 07:22:12",B9929,CZ3471,2194.56,396.328,21,104.07396697998,30.197660446167
1719645747,"2024-06-29 07:22:27",B9929,CZ3471,2194.56,398.18,21,104.08024597168,30.211191177368
1719645762,"2024-06-29 07:22:42",B9929,CZ3471,2194.56,398.18,21,104.08667755127,30.225311279297
1719645777,"2024-06-29 07:22:57",B9929,CZ3471,2194.56,400.032,354,104.08840179443,30.240188598633
1719645792,"2024-06-29 07:23:12",B9929,CZ3471,2194.56,401.884,320,104.08103179932,30.253650665283
1719645807,"2024-06-29 07:23:27",B9929,CZ3471,2202.18,403.736,293,104.06634521484,30.261934280396
1719645822,"2024-06-29 07:23:42",B9929,CZ3471,2194.56,400.032,289,104.05037689209,30.266969680786
1719645837,"2024-06-29 07:23:57",B9929,CZ3471,2202.18,388.92,288,104.03393554688,30.271709442139
1719645852,"2024-06-29 07:24:12",B9929,CZ3471,2194.56,385.216,289,104.01795959473,30.276306152344
1719645867,"2024-06-29 07:24:27",B9929,CZ3471,2148.84,379.66,289,104.00260925293,30.280750274658
1719645882,"2024-06-29 07:24:42",B9929,CZ3471,2080.26,370.4,289,103.98696899414,30.285303115845
1719645897,"2024-06-29 07:24:57",B9929,CZ3471,1996.44,368.548,288,103.97207641602,30.289627075195
1719645912,"2024-06-29 07:25:12",B9929,CZ3471,1912.62,362.992,289,103.95708465576,30.293914794922
1719645927,"2024-06-29 07:25:27",B9929,CZ3471,1836.42,359.288,287,103.94219207764,30.298095703125
1719645942,"2024-06-29 07:25:42",B9929,CZ3471,1760.22,357.436,288,103.9270401001,30.302202224731
1719645957,"2024-06-29 07:25:57",B9929,CZ3471,1676.4,353.732,289,103.91284179688,30.306240081787
1719645968,"2024-06-29 07:26:08",B9929,CZ3471,1623.06,351.88,289,103.90292358398,30.309089660645
1719645984,"2024-06-29 07:26:24",B9929,CZ3471,1524,357.436,288,103.88833618164,30.313247680664
1719645997,"2024-06-29 07:26:37",B9929,CZ3471,1440.18,353.732,294,103.87375640869,30.31770324707
1719646012,"2024-06-29 07:26:52",B9929,CZ3471,1356.36,362.992,329,103.8627166748,30.32682800293
1719646027,"2024-06-29 07:27:07",B9929,CZ3471,1303.02,357.436,347,103.85801696777,30.339797973633
1719646046,"2024-06-29 07:27:26",B9929,CZ3471,1280.16,362.992,349,103.85414123535,30.356189727783
1719646061,"2024-06-29 07:27:41",B9929,CZ3471,1280.16,374.104,6,103.85301208496,30.370239257812
1719646076,"2024-06-29 07:27:56",B9929,CZ3471,1280.16,366.696,19,103.8572769165,30.383901596069
1719646091,"2024-06-29 07:28:11",B9929,CZ3471,1287.78,362.992,20,103.86264801025,30.396650314331
1719646106,"2024-06-29 07:28:26",B9929,CZ3471,1287.78,361.14,22,103.86840820312,30.409290313721
1719646121,"2024-06-29 07:28:41",B9929,CZ3471,1280.16,357.436,21,103.87396240234,30.421510696411
1719646136,"2024-06-29 07:28:56",B9929,CZ3471,1280.16,359.288,22,103.8797454834,30.433990478516
1719646151,"2024-06-29 07:29:11",B9929,CZ3471,1272.54,359.288,22,103.88574981689,30.446731567383
1719646166,"2024-06-29 07:29:26",B9929,CZ3471,1211.58,355.584,21,103.89157104492,30.459230422974
1719646181,"2024-06-29 07:29:41",B9929,CZ3471,1143,335.212,22,103.89710235596,30.47123336792
1719646196,"2024-06-29 07:29:56",B9929,CZ3471,1066.8,322.248,22,103.90237426758,30.482498168945
1719646211,"2024-06-29 07:30:11",B9929,CZ3471,1005.84,301.876,22,103.907371521,30.493349075317
1719646226,"2024-06-29 07:30:26",B9929,CZ3471,944.88,294.468,23,103.91230010986,30.503952026367
1719646241,"2024-06-29 07:30:41",B9929,CZ3471,883.92,294.468,21,103.91693115234,30.513870239258
1719646256,"2024-06-29 07:30:56",B9929,CZ3471,830.58,290.764,22,103.92182159424,30.524440765381
1719646271,"2024-06-29 07:31:11",B9929,CZ3471,769.62,285.208,22,103.92630004883,30.534120559692
1719646286,"2024-06-29 07:31:26",B9929,CZ3471,716.28,279.652,21,103.9309387207,30.544086456299
1719646301,"2024-06-29 07:31:41",B9929,CZ3471,655.32,279.652,22,103.93550872803,30.553848266602
1719646316,"2024-06-29 07:31:56",B9929,CZ3471,594.36,281.504,22,103.94019317627,30.563873291016
1719646331,"2024-06-29 07:32:11",B9929,CZ3471,571.5,233.352,22,103.94439697266,30.572937011719
1719646346,"2024-06-29 07:32:26",B9929,CZ3471,571.5,122.232,21,103.94736480713,30.579303741455
1719646372,"2024-06-29 07:32:52",B9929,CZ3471,571.5,37.04,21,103.94953918457,30.58198928833
1719646387,"2024-06-29 07:33:07",B9929,CZ3471,571.5,7.408,21,103.95011138916,30.582376480103
1719646408,"2024-06-29 07:33:28",B9929,CZ3471,571.5,7.408,21,103.95052337646,30.582433700562
1719646423,"2024-06-29 07:33:43",B9929,CZ3471,571.5,11.112,21,103.95082092285,30.582189559937
1719646443,"2024-06-29 07:34:03",B9929,CZ3471,571.5,12.964,21,103.95143890381,30.581897735596
1719646459,"2024-06-29 07:34:19",B9929,CZ3471,571.5,11.112,21,103.95140075684,30.581457138062
1719646474,"2024-06-29 07:34:34",B9929,CZ3471,571.5,9.26,21,103.95124816895,30.581108093262
1719646489,"2024-06-29 07:34:49",B9929,CZ3471,571.5,11.112,21,103.95108795166,30.5807762146
1719646504,"2024-06-29 07:35:04",B9929,CZ3471,571.5,14.816,21,103.95085906982,30.580272674561
1719646524,"2024-06-29 07:35:24",B9929,CZ3471,571.5,18.52,21,103.95049285889,30.579502105713
1719646541,"2024-06-29 07:35:41",B9929,CZ3471,571.5,14.816,21,103.95030212402,30.578815460205
1719646556,"2024-06-29 07:35:56",B9929,CZ3471,571.5,16.668,21,103.95092010498,30.578512191772
1719646567,"2024-06-29 07:36:07",B9929,CZ3471,571.5,18.52,21,103.95150756836,30.578453063965
1719646585,"2024-06-29 07:36:25",B9929,CZ3471,571.5,25.928,21,103.95244598389,30.578121185303
1719646598,"2024-06-29 07:36:38",B9929,CZ3471,571.5,12.964,21,103.95306396484,30.577907562256
1719646612,"2024-06-29 07:36:52",B9929,CZ3471,571.5,12.964,21,103.95301818848,30.577407836914
1719646629,"2024-06-29 07:37:09",B9929,CZ3471,571.5,3.704,21,103.95289611816,30.577136993408
1719646644,"2024-06-29 07:37:24",B9929,CZ3471,571.5,1.852,21,103.95286560059,30.577079772949
1719646657,"2024-06-29 07:37:37",B9929,CZ3471,571.5,0,21,103.95285797119,30.577068328857
1719646677,"2024-06-29 07:37:57",B9929,CZ3471,571.5,0,21,103.9528503418,30.577068328857
