Time,"UTC TIME",Anum,Fnum,Height,Speed,Angle,Longitude,Latitude
1703476166,"2023-12-25 03:49:26",B5956,CA4306,0,7.408,194,113.28549957275,23.377290725708
1703476190,"2023-12-25 03:49:50",B5956,CA4306,0,11.112,213,113.28521728516,23.376640319824
1703476194,"2023-12-25 03:49:54",B5956,CA4306,0,11.112,241,113.28504943848,23.376649856567
1703476199,"2023-12-25 03:49:59",B5956,CA4306,0,11.112,258,113.28494262695,23.376689910889
1703476199,"2023-12-25 03:49:59",B5956,CA4306,0,11.112,261,113.28491210938,23.376699447632
1703476205,"2023-12-25 03:50:05",B5956,CA4306,0,12.964,278,113.28475189209,23.376770019531
1703476218,"2023-12-25 03:50:18",B5956,CA4306,0,0,284,113.28466796875,23.376800537109
1703476243,"2023-12-25 03:50:43",B5956,CA4306,0,0,284,113.28466796875,23.376800537109
1703476279,"2023-12-25 03:51:19",B5956,CA4306,0,0,284,113.28466796875,23.376800537109
1703476318,"2023-12-25 03:51:58",B5956,CA4306,0,11.112,284,113.28443908691,23.376850128174
1703476329,"2023-12-25 03:52:09",B5956,CA4306,0,14.816,284,113.28404998779,23.37693977356
1703476349,"2023-12-25 03:52:29",B5956,CA4306,0,12.964,334,113.28356933594,23.377370834351
1703476370,"2023-12-25 03:52:50",B5956,CA4306,0,14.816,14,113.28375244141,23.377939224243
1703476460,"2023-12-25 03:54:20",B5956,CA4306,419.1,272.244,360,113.29437255859,23.424200057983
1703476475,"2023-12-25 03:54:35",B5956,CA4306,548.64,277.8,357,113.29391479492,23.433792114258
1703476490,"2023-12-25 03:54:50",B5956,CA4306,693.42,283.356,356,113.29294586182,23.444452285767
1703476505,"2023-12-25 03:55:05",B5956,CA4306,822.96,288.912,355,113.29186248779,23.455307006836
1703476520,"2023-12-25 03:55:20",B5956,CA4306,914.4,309.284,357,113.29116821289,23.466289520264
1703476535,"2023-12-25 03:55:35",B5956,CA4306,967.74,353.732,359,113.29071807861,23.47905921936
1703476550,"2023-12-25 03:55:50",B5956,CA4306,1021.08,400.032,359,113.2904586792,23.49328994751
1703476565,"2023-12-25 03:56:05",B5956,CA4306,1120.14,438.924,359,113.29016876221,23.509550094604
1703476580,"2023-12-25 03:56:20",B5956,CA4306,1310.64,453.74,0,113.2899017334,23.526760101318
1703476595,"2023-12-25 03:56:35",B5956,CA4306,1562.1,451.888,359,113.28948974609,23.543420791626
1703476610,"2023-12-25 03:56:50",B5956,CA4306,1790.7,455.592,357,113.28893280029,23.561140060425
1703476625,"2023-12-25 03:57:05",B5956,CA4306,1920.24,475.964,332,113.28360748291,23.577499389648
1703476640,"2023-12-25 03:57:20",B5956,CA4306,1973.58,509.3,310,113.27001190186,23.590942382812
1703476655,"2023-12-25 03:57:35",B5956,CA4306,1973.58,531.524,309,113.25205230713,23.604309082031
1703476670,"2023-12-25 03:57:50",B5956,CA4306,1973.58,527.82,310,113.23480987549,23.617029190063
1703476685,"2023-12-25 03:58:05",B5956,CA4306,1988.82,529.672,309,113.22012329102,23.628007888794
1703476700,"2023-12-25 03:58:20",B5956,CA4306,2110.74,529.672,310,113.20301818848,23.641019821167
1703476715,"2023-12-25 03:58:35",B5956,CA4306,2377.44,520.412,310,113.18695831299,23.653329849243
1703476728,"2023-12-25 03:58:48",B5956,CA4306,2606.04,518.56,300,113.17135620117,23.663339614868
1703476743,"2023-12-25 03:59:03",B5956,CA4306,2827.02,522.264,295,113.15235900879,23.671649932861
1703476758,"2023-12-25 03:59:18",B5956,CA4306,3017.52,533.376,295,113.13285064697,23.679819107056
1703476773,"2023-12-25 03:59:33",B5956,CA4306,3200.4,548.192,295,113.11248779297,23.688354492188
1703476788,"2023-12-25 03:59:48",B5956,CA4306,3291.84,579.676,295,113.0912399292,23.697319030762
1703476803,"2023-12-25 04:00:03",B5956,CA4306,3406.14,607.456,295,113.06787872314,23.707210540771
1703476818,"2023-12-25 04:00:18",B5956,CA4306,3528.06,625.976,295,113.04559326172,23.716739654541
1703476833,"2023-12-25 04:00:33",B5956,CA4306,3726.18,629.68,295,113.02321624756,23.726350784302
1703476848,"2023-12-25 04:00:48",B5956,CA4306,3954.78,627.828,296,113.00023651123,23.736289978027
1703476863,"2023-12-25 04:01:03",B5956,CA4306,4137.66,633.384,295,112.97668457031,23.746536254883
1703476878,"2023-12-25 04:01:18",B5956,CA4306,4358.64,629.68,296,112.95292663574,23.756771087646
1703476893,"2023-12-25 04:01:33",B5956,CA4306,4648.2,613.012,295,112.92929840088,23.766969680786
1703476908,"2023-12-25 04:01:48",B5956,CA4306,4785.36,625.976,295,112.90705871582,23.776510238647
1703476923,"2023-12-25 04:02:03",B5956,CA4306,4884.42,646.348,296,112.88255310059,23.786937713623
1703476938,"2023-12-25 04:02:18",B5956,CA4306,5067.3,651.904,296,112.85929107666,23.796890258789
1703476953,"2023-12-25 04:02:33",B5956,CA4306,5265.42,648.2,295,112.8352432251,23.807239532471
1703476967,"2023-12-25 04:02:47",B5956,CA4306,5372.1,663.016,296,112.81072998047,23.817749023438
1703476982,"2023-12-25 04:03:02",B5956,CA4306,5394.96,687.092,296,112.7876663208,23.827619552612
1703476997,"2023-12-25 04:03:17",B5956,CA4306,5394.96,696.352,296,112.76041412354,23.839279174805
1703477012,"2023-12-25 04:03:32",B5956,CA4306,5394.96,694.5,296,112.73600006104,23.849739074707
1703477027,"2023-12-25 04:03:47",B5956,CA4306,5410.2,694.5,296,112.71006011963,23.860889434814
1703477042,"2023-12-25 04:04:02",B5956,CA4306,5585.46,685.24,296,112.68428039551,23.871940612793
1703477057,"2023-12-25 04:04:17",B5956,CA4306,5821.68,675.98,295,112.65872955322,23.882879257202
1703477072,"2023-12-25 04:04:32",B5956,CA4306,6019.8,674.128,296,112.63246154785,23.894100189209
1703477087,"2023-12-25 04:04:47",B5956,CA4306,6149.34,681.536,295,112.60980987549,23.903730392456
1703477102,"2023-12-25 04:05:02",B5956,CA4306,6309.36,685.24,295,112.58361816406,23.914901733398
1703477117,"2023-12-25 04:05:17",B5956,CA4306,6492.24,683.388,295,112.5591506958,23.925289154053
1703477132,"2023-12-25 04:05:32",B5956,CA4306,6644.64,687.092,296,112.53291320801,23.936460494995
1703477147,"2023-12-25 04:05:47",B5956,CA4306,6781.8,692.648,295,112.50793457031,23.947082519531
1703477162,"2023-12-25 04:06:02",B5956,CA4306,6934.2,692.648,295,112.48235321045,23.957979202271
1703477177,"2023-12-25 04:06:17",B5956,CA4306,7094.22,692.648,296,112.45594787598,23.969240188599
1703477192,"2023-12-25 04:06:32",B5956,CA4306,7246.62,692.648,296,112.43019866943,23.980169296265
1703477207,"2023-12-25 04:06:47",B5956,CA4306,7376.16,694.5,295,112.40447998047,23.991119384766
1703477222,"2023-12-25 04:07:02",B5956,CA4306,7490.46,700.056,295,112.37863922119,24.002059936523
1703477237,"2023-12-25 04:07:17",B5956,CA4306,7604.76,705.612,296,112.35179138184,24.013460159302
1703477250,"2023-12-25 04:07:30",B5956,CA4306,7703.82,709.316,295,112.32874298096,24.023254394531
1703477265,"2023-12-25 04:07:45",B5956,CA4306,7825.74,709.316,295,112.30312347412,24.034128189087
1703477280,"2023-12-25 04:08:00",B5956,CA4306,7962.9,711.168,295,112.276512146,24.04541015625
1703477295,"2023-12-25 04:08:15",B5956,CA4306,8069.58,711.168,295,112.25036621094,24.056520462036
1703477309,"2023-12-25 04:08:29",B5956,CA4306,8176.26,714.872,295,112.22609710693,24.066789627075
1703477324,"2023-12-25 04:08:44",B5956,CA4306,8282.94,714.872,295,112.19917297363,24.07816696167
1703477339,"2023-12-25 04:08:59",B5956,CA4306,8389.62,718.576,295,112.17057037354,24.090269088745
1703477354,"2023-12-25 04:09:14",B5956,CA4306,8412.48,729.688,295,112.14548492432,24.100799560547
1703477368,"2023-12-25 04:09:28",B5956,CA4306,8412.48,744.504,295,112.11711120605,24.112749099731
1703477383,"2023-12-25 04:09:43",B5956,CA4306,8412.48,748.208,295,112.08882904053,24.124649047852
1703477398,"2023-12-25 04:09:58",B5956,CA4306,8412.48,746.356,295,112.06344604492,24.13537979126
1703477413,"2023-12-25 04:10:13",B5956,CA4306,8412.48,744.504,295,112.03598022461,24.147033691406
1703477428,"2023-12-25 04:10:28",B5956,CA4306,8412.48,744.504,295,112.00662994385,24.159393310547
1703477443,"2023-12-25 04:10:43",B5956,CA4306,8412.48,742.652,295,111.9807434082,24.170341491699
1703477458,"2023-12-25 04:10:58",B5956,CA4306,8412.48,740.8,295,111.95378875732,24.181686401367
1703477473,"2023-12-25 04:11:13",B5956,CA4306,8412.48,740.8,295,111.92601776123,24.193359375
1703477488,"2023-12-25 04:11:28",B5956,CA4306,8412.48,740.8,295,111.89844512939,24.204940795898
1703477503,"2023-12-25 04:11:43",B5956,CA4306,8412.48,744.504,295,111.87066650391,24.216613769531
1703477518,"2023-12-25 04:11:58",B5956,CA4306,8412.48,748.208,295,111.84290313721,24.228286743164
1703477533,"2023-12-25 04:12:13",B5956,CA4306,8412.48,748.208,295,111.81298828125,24.240821838379
1703477548,"2023-12-25 04:12:28",B5956,CA4306,8412.48,748.208,295,111.78726196289,24.25163269043
1703477563,"2023-12-25 04:12:43",B5956,CA4306,8412.48,744.504,295,111.75888824463,24.263492584229
1703477578,"2023-12-25 04:12:58",B5956,CA4306,8412.48,746.356,295,111.73194122314,24.274803161621
1703477593,"2023-12-25 04:13:13",B5956,CA4306,8412.48,748.208,295,111.70425415039,24.286422729492
1703477608,"2023-12-25 04:13:28",B5956,CA4306,8412.48,746.356,294,111.67612457275,24.298187255859
1703477623,"2023-12-25 04:13:43",B5956,CA4306,8412.48,748.208,294,111.64789581299,24.309951782227
1703477638,"2023-12-25 04:13:58",B5956,CA4306,8412.48,750.06,295,111.61845397949,24.322193145752
1703477653,"2023-12-25 04:14:13",B5956,CA4306,8412.48,750.06,295,111.59261322021,24.333023071289
1703477668,"2023-12-25 04:14:28",B5956,CA4306,8412.48,750.06,295,111.56414031982,24.344911575317
1703477682,"2023-12-25 04:14:42",B5956,CA4306,8412.48,746.356,294,111.53726959229,24.356094360352
1703477697,"2023-12-25 04:14:57",B5956,CA4306,8412.48,746.356,294,111.51056671143,24.367218017578
1703477712,"2023-12-25 04:15:12",B5956,CA4306,8412.48,744.504,294,111.48293304443,24.378755569458
1703477727,"2023-12-25 04:15:27",B5956,CA4306,8412.48,746.356,294,111.45467376709,24.390518188477
1703477742,"2023-12-25 04:15:42",B5956,CA4306,8412.48,746.356,294,111.42691802979,24.402030944824
1703477757,"2023-12-25 04:15:57",B5956,CA4306,8412.48,748.208,294,111.39928436279,24.413452148438
1703477772,"2023-12-25 04:16:12",B5956,CA4306,8412.48,748.208,294,111.37104797363,24.425121307373
1703477787,"2023-12-25 04:16:27",B5956,CA4306,8412.48,748.208,294,111.34323120117,24.436660766602
1703477802,"2023-12-25 04:16:42",B5956,CA4306,8412.48,746.356,294,111.31540679932,24.448196411133
1703477817,"2023-12-25 04:16:57",B5956,CA4306,8412.48,746.356,294,111.28517913818,24.460779190063
1703478117,"2023-12-25 04:21:57",B5956,CA4306,8412.48,768.58,312,110.82774353027,24.861547470093
1703478132,"2023-12-25 04:22:12",B5956,CA4306,8412.48,766.728,312,110.80877685547,24.87705039978
1703478147,"2023-12-25 04:22:27",B5956,CA4306,8412.48,764.876,312,110.78576660156,24.895811080933
1703478162,"2023-12-25 04:22:42",B5956,CA4306,8412.48,764.876,312,110.76203155518,24.915222167969
1703478177,"2023-12-25 04:22:57",B5956,CA4306,8412.48,766.728,312,110.73862457275,24.934295654297
1703478192,"2023-12-25 04:23:12",B5956,CA4306,8412.48,764.876,312,110.71497344971,24.95361328125
1703478207,"2023-12-25 04:23:27",B5956,CA4306,8412.48,763.024,312,110.69171142578,24.972579956055
1703478222,"2023-12-25 04:23:42",B5956,CA4306,8412.48,764.876,312,110.66632080078,24.993240356445
1703478237,"2023-12-25 04:23:57",B5956,CA4306,8412.48,766.728,312,110.64434814453,25.011167526245
1703478252,"2023-12-25 04:24:12",B5956,CA4306,8412.48,766.728,312,110.6212310791,25.03002166748
1703478267,"2023-12-25 04:24:27",B5956,CA4306,8412.48,766.728,312,110.59745025635,25.049432754517
1703478282,"2023-12-25 04:24:42",B5956,CA4306,8412.48,766.728,312,110.57388305664,25.068557739258
1703478297,"2023-12-25 04:24:57",B5956,CA4306,8412.48,768.58,312,110.55059814453,25.087469100952
1703478312,"2023-12-25 04:25:12",B5956,CA4306,8412.48,768.58,312,110.52658081055,25.107009887695
1703478327,"2023-12-25 04:25:27",B5956,CA4306,8412.48,766.728,312,110.50338745117,25.125823974609
1703478342,"2023-12-25 04:25:42",B5956,CA4306,8412.48,766.728,312,110.47918701172,25.145517349243
1703478357,"2023-12-25 04:25:57",B5956,CA4306,8412.48,766.728,312,110.45572662354,25.16455078125
1703478372,"2023-12-25 04:26:12",B5956,CA4306,8412.48,766.728,312,110.43202972412,25.183780670166
1703478387,"2023-12-25 04:26:27",B5956,CA4306,8412.48,764.876,313,110.40840148926,25.202869415283
1703478402,"2023-12-25 04:26:42",B5956,CA4306,8412.48,764.876,312,110.38488006592,25.221862792969
1703478417,"2023-12-25 04:26:57",B5956,CA4306,8412.48,766.728,312,110.36092376709,25.241226196289
1703478432,"2023-12-25 04:27:12",B5956,CA4306,8412.48,765.9872,311.7,110.33724975586,25.260360717773
1703478447,"2023-12-25 04:27:27",B5956,CA4306,8412.48,768.58,312,110.31423950195,25.278982162476
1703478462,"2023-12-25 04:27:42",B5956,CA4306,8412.48,768.58,312,110.28971099854,25.298812866211
1703478477,"2023-12-25 04:27:57",B5956,CA4306,8412.48,767.4688,311.6,110.26657104492,25.317535400391
1703478492,"2023-12-25 04:28:12",B5956,CA4306,8412.48,766.728,312,110.24277496338,25.336706161499
1703478507,"2023-12-25 04:28:27",B5956,CA4306,8412.48,767.4688,311.6,110.21901702881,25.355850219727
1703478522,"2023-12-25 04:28:42",B5956,CA4306,8412.48,766.728,312,110.19510650635,25.375122070312
1703478537,"2023-12-25 04:28:57",B5956,CA4306,8412.48,766.1724,311.5,110.17126464844,25.394245147705
1703478552,"2023-12-25 04:29:12",B5956,CA4306,8412.48,766.728,311,110.14794158936,25.413005828857
1703478567,"2023-12-25 04:29:27",B5956,CA4306,8412.48,766.728,312,110.12431335449,25.431999206543
1703478582,"2023-12-25 04:29:42",B5956,CA4306,8412.48,766.728,312,110.10055541992,25.451156616211
1703478597,"2023-12-25 04:29:57",B5956,CA4306,8412.48,766.728,312,110.07668304443,25.470405578613
1703478612,"2023-12-25 04:30:12",B5956,CA4306,8412.48,768.7652,311.5,110.05254364014,25.489837646484
1703478627,"2023-12-25 04:30:27",B5956,CA4306,8412.48,768.58,311,110.02812957764,25.5094165802
1703478642,"2023-12-25 04:30:42",B5956,CA4306,8412.48,770.432,311,110.00485992432,25.528036117554
1703478657,"2023-12-25 04:30:57",B5956,CA4306,8412.48,772.284,311,109.98133087158,25.546920776367
1703478672,"2023-12-25 04:31:12",B5956,CA4306,8412.48,772.284,311,109.95732879639,25.566192626953
1703478687,"2023-12-25 04:31:27",B5956,CA4306,8412.48,772.8396,311.4,109.93334197998,25.585388183594
1703478702,"2023-12-25 04:31:42",B5956,CA4306,8412.48,772.284,311,109.90919494629,25.604801177979
1703478717,"2023-12-25 04:31:57",B5956,CA4306,8412.48,772.284,311,109.88550567627,25.623779296875
1703478732,"2023-12-25 04:32:12",B5956,CA4306,8412.48,772.284,311,109.86139678955,25.643142700195
1703478747,"2023-12-25 04:32:27",B5956,CA4306,8412.48,770.432,312,109.83768463135,25.662200927734
1703478762,"2023-12-25 04:32:42",B5956,CA4306,8412.48,768.58,312,109.81394195557,25.681228637695
1703478777,"2023-12-25 04:32:57",B5956,CA4306,8412.48,766.728,311,109.7900390625,25.700317382812
1703478792,"2023-12-25 04:33:12",B5956,CA4306,8412.48,766.728,311,109.76575469971,25.719646453857
1703478807,"2023-12-25 04:33:27",B5956,CA4306,8412.48,768.58,311,109.74044799805,25.739868164062
1703478822,"2023-12-25 04:33:42",B5956,CA4306,8412.48,768.58,311,109.71796417236,25.7578125
1703478837,"2023-12-25 04:33:57",B5956,CA4306,8412.48,761.172,308,109.69232177734,25.776439666748
1703479381,"2023-12-25 04:43:01",B5956,CA4306,8412.48,744.504,293,108.64939880371,26.088340759277
1703479396,"2023-12-25 04:43:16",B5956,CA4306,8412.48,744.504,293,108.6229095459,26.098159790039
1703479411,"2023-12-25 04:43:31",B5956,CA4306,8412.48,744.504,293,108.5943069458,26.108680725098
1703479426,"2023-12-25 04:43:46",B5956,CA4306,8412.48,744.504,293,108.56569671631,26.119169235229
1703479441,"2023-12-25 04:44:01",B5956,CA4306,8412.48,742.652,293,108.53720855713,26.129629135132
1703479456,"2023-12-25 04:44:16",B5956,CA4306,8412.48,742.652,293,108.50684356689,26.140800476074
1703479471,"2023-12-25 04:44:31",B5956,CA4306,8412.48,742.652,293,108.47915649414,26.150939941406
1703479486,"2023-12-25 04:44:46",B5956,CA4306,8412.48,740.8,293,108.45101928711,26.161289215088
1703479501,"2023-12-25 04:45:01",B5956,CA4306,8412.48,740.8,292,108.42253875732,26.171760559082
1703479516,"2023-12-25 04:45:16",B5956,CA4306,8412.48,742.652,293,108.39380645752,26.182249069214
1703479531,"2023-12-25 04:45:31",B5956,CA4306,8412.48,742.652,293,108.36401367188,26.19314956665
1703479546,"2023-12-25 04:45:46",B5956,CA4306,8412.48,742.652,292,108.33638763428,26.203260421753
1703479561,"2023-12-25 04:46:01",B5956,CA4306,8412.48,742.652,293,108.30670928955,26.214120864868
1703479576,"2023-12-25 04:46:16",B5956,CA4306,8412.48,742.652,293,108.27902984619,26.224229812622
1703479591,"2023-12-25 04:46:31",B5956,CA4306,8412.48,746.356,292,108.25021362305,26.234760284424
1703479606,"2023-12-25 04:46:46",B5956,CA4306,8412.48,750.06,292,108.22061157227,26.245546340942
1703479621,"2023-12-25 04:47:01",B5956,CA4306,8412.48,751.912,292,108.19222259521,26.255905151367
1703479636,"2023-12-25 04:47:16",B5956,CA4306,8412.48,753.764,292,108.16329956055,26.266429901123
1703479651,"2023-12-25 04:47:31",B5956,CA4306,8412.48,753.764,292,108.13427734375,26.276920318604
1703479666,"2023-12-25 04:47:46",B5956,CA4306,8412.48,755.616,292,108.10472869873,26.287630081177
1703479681,"2023-12-25 04:48:01",B5956,CA4306,8412.48,755.616,292,108.07614135742,26.29801940918
1703479696,"2023-12-25 04:48:16",B5956,CA4306,8412.48,755.616,292,108.04675292969,26.308729171753
1703479711,"2023-12-25 04:48:31",B5956,CA4306,8412.48,755.616,292,108.01644134521,26.319759368896
1703479726,"2023-12-25 04:48:46",B5956,CA4306,8412.48,755.616,292,107.98821258545,26.330038070679
1703479741,"2023-12-25 04:49:01",B5956,CA4306,8412.48,755.616,292,107.9584197998,26.340839385986
1703479756,"2023-12-25 04:49:16",B5956,CA4306,8412.48,757.468,292,107.92830657959,26.35173034668
1703479771,"2023-12-25 04:49:31",B5956,CA4306,8412.48,759.32,292,107.90032196045,26.36182975769
1703479786,"2023-12-25 04:49:46",B5956,CA4306,8412.48,759.32,292,107.87031555176,26.37272644043
1703479801,"2023-12-25 04:50:01",B5956,CA4306,8412.48,759.32,292,107.84133148193,26.383209228516
1703479816,"2023-12-25 04:50:16",B5956,CA4306,8412.48,759.32,292,107.81199645996,26.393783569336
1703479831,"2023-12-25 04:50:31",B5956,CA4306,8412.48,759.32,292,107.78231811523,26.40452003479
1703479846,"2023-12-25 04:50:46",B5956,CA4306,8412.48,761.172,292,107.75247955322,26.415279388428
1703479861,"2023-12-25 04:51:01",B5956,CA4306,8412.48,763.024,292,107.72354125977,26.425699234009
1703479876,"2023-12-25 04:51:16",B5956,CA4306,8412.48,763.024,292,107.69368743896,26.436450958252
1703479891,"2023-12-25 04:51:31",B5956,CA4306,8412.48,763.024,292,107.66427612305,26.447025299072
1703479906,"2023-12-25 04:51:46",B5956,CA4306,8412.48,763.024,292,107.6349029541,26.457592010498
1703479921,"2023-12-25 04:52:01",B5956,CA4306,8412.48,761.172,292,107.6053314209,26.46821975708
1703479936,"2023-12-25 04:52:16",B5956,CA4306,8412.48,759.32,292,107.57537841797,26.478960037231
1703479951,"2023-12-25 04:52:31",B5956,CA4306,8412.48,759.32,292,107.5463104248,26.489410400391
1703479966,"2023-12-25 04:52:46",B5956,CA4306,8412.48,761.172,292,107.51654052734,26.500089645386
1703479981,"2023-12-25 04:53:01",B5956,CA4306,8412.48,761.172,292,107.48712158203,26.510568618774
1703479996,"2023-12-25 04:53:16",B5956,CA4306,8412.48,761.172,292,107.45794677734,26.52099609375
1703480011,"2023-12-25 04:53:31",B5956,CA4306,8412.48,759.32,292,107.42812347412,26.531660079956
1703480026,"2023-12-25 04:53:46",B5956,CA4306,8412.48,755.616,292,107.39869689941,26.542179107666
1703480041,"2023-12-25 04:54:01",B5956,CA4306,8412.48,753.764,292,107.36891937256,26.552856445312
1703480056,"2023-12-25 04:54:16",B5956,CA4306,8412.48,753.764,292,107.34038543701,26.563032150269
1703480071,"2023-12-25 04:54:31",B5956,CA4306,8412.48,755.616,292,107.31072235107,26.573638916016
1703480086,"2023-12-25 04:54:46",B5956,CA4306,8412.48,753.764,292,107.28202056885,26.583890914917
1703480101,"2023-12-25 04:55:01",B5956,CA4306,8412.48,755.616,292,107.25267791748,26.594329833984
1703480116,"2023-12-25 04:55:16",B5956,CA4306,8412.48,759.32,292,107.22302246094,26.604837417603
1703480131,"2023-12-25 04:55:31",B5956,CA4306,8412.48,759.32,291,107.19244384766,26.615682601929
1703480146,"2023-12-25 04:55:46",B5956,CA4306,8412.48,763.024,292,107.16317749023,26.626064300537
1703480161,"2023-12-25 04:56:01",B5956,CA4306,8412.48,766.728,294,107.13391876221,26.636957168579
1703480176,"2023-12-25 04:56:16",B5956,CA4306,8412.48,766.728,296,107.1051864624,26.649200439453
1703480191,"2023-12-25 04:56:31",B5956,CA4306,8412.48,764.876,296,107.07643127441,26.66162109375
1703480206,"2023-12-25 04:56:46",B5956,CA4306,8412.48,764.876,295,107.04730987549,26.674072265625
1703480221,"2023-12-25 04:57:01",B5956,CA4306,8412.48,763.024,295,107.01818847656,26.686386108398
1703480236,"2023-12-25 04:57:16",B5956,CA4306,8412.48,763.024,295,106.9896697998,26.698499679565
1703480251,"2023-12-25 04:57:31",B5956,CA4306,8412.48,761.172,295,106.96051025391,26.710830688477
1703480266,"2023-12-25 04:57:46",B5956,CA4306,8412.48,761.172,296,106.93204498291,26.722846984863
1703480281,"2023-12-25 04:58:01",B5956,CA4306,8412.48,763.024,295,106.90363311768,26.734859466553
1703480296,"2023-12-25 04:58:16",B5956,CA4306,8412.48,766.728,296,106.87422180176,26.747497558594
1703480311,"2023-12-25 04:58:31",B5956,CA4306,8412.48,775.988,300,106.84616088867,26.761066436768
1703480326,"2023-12-25 04:58:46",B5956,CA4306,8412.48,783.396,303,106.81816864014,26.776660919189
1703480341,"2023-12-25 04:59:01",B5956,CA4306,8412.48,790.804,306,106.79125213623,26.793594360352
1703480356,"2023-12-25 04:59:16",B5956,CA4306,8412.48,798.212,309,106.76513671875,26.812088012695
1703480371,"2023-12-25 04:59:31",B5956,CA4306,8412.48,805.62,313,106.73948669434,26.832504272461
1703480386,"2023-12-25 04:59:46",B5956,CA4306,8412.48,811.176,316,106.71548461914,26.853891372681
1703480401,"2023-12-25 05:00:01",B5956,CA4306,8412.48,814.88,319,106.69293212891,26.876375198364
1703480416,"2023-12-25 05:00:16",B5956,CA4306,8412.48,814.88,319,106.67071533203,26.899383544922
1703480431,"2023-12-25 05:00:31",B5956,CA4306,8412.48,813.028,319,106.64848327637,26.922134399414
1703480446,"2023-12-25 05:00:46",B5956,CA4306,8412.48,811.176,319,106.6261138916,26.944900512695
1703480461,"2023-12-25 05:01:01",B5956,CA4306,8412.48,809.324,319,106.60319519043,26.968223571777
1703480476,"2023-12-25 05:01:16",B5956,CA4306,8412.48,809.324,319,106.58084869385,26.990894317627
1703480491,"2023-12-25 05:01:31",B5956,CA4306,8412.48,807.472,319,106.55877685547,27.013320922852
1703480506,"2023-12-25 05:01:46",B5956,CA4306,8412.48,811.176,319,106.5358505249,27.036609649658
1703480521,"2023-12-25 05:02:01",B5956,CA4306,8412.48,813.028,319,106.51371765137,27.059093475342
1703480536,"2023-12-25 05:02:16",B5956,CA4306,8412.48,811.176,319,106.49137878418,27.081811904907
1703480551,"2023-12-25 05:02:31",B5956,CA4306,8412.48,811.176,319,106.46891784668,27.104639053345
1703480566,"2023-12-25 05:02:46",B5956,CA4306,8412.48,811.176,319,106.44554901123,27.128402709961
1703480581,"2023-12-25 05:03:01",B5956,CA4306,8412.48,811.176,319,106.42384338379,27.150419235229
1703480596,"2023-12-25 05:03:16",B5956,CA4306,8412.48,809.324,319,106.40084838867,27.173704147339
1703480611,"2023-12-25 05:03:31",B5956,CA4306,8412.48,813.028,319,106.37886810303,27.195909500122
1703480626,"2023-12-25 05:03:46",B5956,CA4306,8412.48,814.88,319,106.3563079834,27.218769073486
1703480641,"2023-12-25 05:04:01",B5956,CA4306,8412.48,813.028,319,106.33329772949,27.24201965332
1703480656,"2023-12-25 05:04:16",B5956,CA4306,8412.48,811.176,319,106.31036376953,27.265226364136
1703480671,"2023-12-25 05:04:31",B5956,CA4306,8412.48,807.472,319,106.28800964355,27.287841796875
1703480686,"2023-12-25 05:04:46",B5956,CA4306,8412.48,803.768,319,106.26525878906,27.310800552368
1703480701,"2023-12-25 05:05:01",B5956,CA4306,8412.48,803.768,319,106.24291992188,27.333290100098
1703480716,"2023-12-25 05:05:16",B5956,CA4306,8412.48,800.064,319,106.22057342529,27.35585975647
1703480731,"2023-12-25 05:05:31",B5956,CA4306,8412.48,801.916,319,106.1988067627,27.37779045105
1703480746,"2023-12-25 05:05:46",B5956,CA4306,8412.48,803.768,319,106.17620849609,27.400510787964
1703480761,"2023-12-25 05:06:01",B5956,CA4306,8412.48,803.768,319,106.15302276611,27.423830032349
1703480776,"2023-12-25 05:06:16",B5956,CA4306,8412.48,803.768,319,106.13067626953,27.446269989014
1703480791,"2023-12-25 05:06:31",B5956,CA4306,8412.48,801.916,319,106.10829162598,27.468839645386
1703480806,"2023-12-25 05:06:46",B5956,CA4306,8412.48,800.064,319,106.08647155762,27.490770339966
1703480821,"2023-12-25 05:07:01",B5956,CA4306,8412.48,800.064,319,106.06414031982,27.513240814209
1703480836,"2023-12-25 05:07:16",B5956,CA4306,8412.48,800.064,319,106.04128265381,27.536220550537
1703480851,"2023-12-25 05:07:31",B5956,CA4306,8412.48,803.768,320,106.01936340332,27.558979034424
1703480866,"2023-12-25 05:07:46",B5956,CA4306,8412.48,801.916,320,105.99667358398,27.582950592041
1703480881,"2023-12-25 05:08:01",B5956,CA4306,8412.48,800.064,320,105.97490692139,27.605989456177
1703480896,"2023-12-25 05:08:16",B5956,CA4306,8412.48,796.36,320,105.95422363281,27.627819061279
1703480911,"2023-12-25 05:08:31",B5956,CA4306,8412.48,787.1,316,105.93048858643,27.650569915771
1703480926,"2023-12-25 05:08:46",B5956,CA4306,8412.48,781.544,312,105.90691375732,27.670389175415
1703480941,"2023-12-25 05:09:01",B5956,CA4306,8412.48,774.136,309,105.8814163208,27.689319610596
1703480956,"2023-12-25 05:09:16",B5956,CA4306,8412.48,768.58,306,105.85623168945,27.705980300903
1703480971,"2023-12-25 05:09:31",B5956,CA4306,8412.48,763.024,303,105.82903289795,27.72200012207
1703480986,"2023-12-25 05:09:46",B5956,CA4306,8412.48,759.32,299,105.79882049561,27.737590789795
1703481001,"2023-12-25 05:10:01",B5956,CA4306,8412.48,755.616,296,105.77272033691,27.749370574951
1703481016,"2023-12-25 05:10:16",B5956,CA4306,8412.48,753.764,293,105.74324798584,27.76091003418
1703481031,"2023-12-25 05:10:31",B5956,CA4306,8412.48,751.912,290,105.71370697021,27.770830154419
1703481046,"2023-12-25 05:10:46",B5956,CA4306,8412.48,748.208,288,105.68402099609,27.779300689697
1703481061,"2023-12-25 05:11:01",B5956,CA4306,8412.48,748.208,288,105.65229797363,27.787990570068
1703481076,"2023-12-25 05:11:16",B5956,CA4306,8412.48,748.208,289,105.62325286865,27.796340942383
1703481091,"2023-12-25 05:11:31",B5956,CA4306,8412.48,750.06,293,105.59375,27.806400299072
1703481106,"2023-12-25 05:11:46",B5956,CA4306,8412.48,748.208,295,105.56504058838,27.817800521851
1703481121,"2023-12-25 05:12:01",B5956,CA4306,8412.48,748.208,294,105.535987854,27.829250335693
1703481136,"2023-12-25 05:12:16",B5956,CA4306,8412.48,748.208,294,105.50662994385,27.840679168701
1703481151,"2023-12-25 05:12:31",B5956,CA4306,8412.48,750.06,294,105.47776794434,27.851760864258
1703481166,"2023-12-25 05:12:46",B5956,CA4306,8412.48,750.06,294,105.44873046875,27.86296081543
1703481181,"2023-12-25 05:13:01",B5956,CA4306,8412.48,750.06,294,105.4197769165,27.874099731445
1703481196,"2023-12-25 05:13:16",B5956,CA4306,8412.48,751.912,295,105.38847351074,27.886280059814
1703481211,"2023-12-25 05:13:31",B5956,CA4306,8412.48,753.764,298,105.36148071289,27.898090362549
1703481226,"2023-12-25 05:13:46",B5956,CA4306,8412.48,753.764,298,105.33416748047,27.910490036011
1703481241,"2023-12-25 05:14:01",B5956,CA4306,8412.48,755.616,298,105.30574798584,27.92333984375
1703481256,"2023-12-25 05:14:16",B5956,CA4306,8412.48,763.024,301,105.27744293213,27.937490463257
1703481271,"2023-12-25 05:14:31",B5956,CA4306,8412.48,768.58,304,105.25015258789,27.953130722046
1703481284,"2023-12-25 05:14:44",B5956,CA4306,8412.48,775.988,308,105.2204284668,27.972539901733
1703481299,"2023-12-25 05:14:59",B5956,CA4306,8412.48,779.692,311,105.2013092041,27.98650932312
1703481314,"2023-12-25 05:15:14",B5956,CA4306,8412.48,783.396,313,105.1774520874,28.005659103394
1703481329,"2023-12-25 05:15:29",B5956,CA4306,8412.48,790.804,317,105.15364837646,28.027099609375
1703481344,"2023-12-25 05:15:44",B5956,CA4306,8412.48,796.36,320,105.13166809082,28.049259185791
1703481359,"2023-12-25 05:15:59",B5956,CA4306,8412.48,800.064,324,105.11036682129,28.073459625244
1703481374,"2023-12-25 05:16:14",B5956,CA4306,8412.48,805.62,327,105.0915222168,28.097579956055
1703481389,"2023-12-25 05:16:29",B5956,CA4306,8412.48,807.472,329,105.07330322266,28.123600006104
1703481404,"2023-12-25 05:16:44",B5956,CA4306,8412.48,803.768,329,105.05547332764,28.149440765381
1703481419,"2023-12-25 05:16:59",B5956,CA4306,8412.48,801.916,329,105.03717041016,28.175670623779
1703481434,"2023-12-25 05:17:14",B5956,CA4306,8412.48,800.064,329,105.01973724365,28.200439453125
1703481449,"2023-12-25 05:17:29",B5956,CA4306,8412.48,800.064,329,105.00026702881,28.228109359741
1703481464,"2023-12-25 05:17:44",B5956,CA4306,8412.48,800.064,329,104.98336029053,28.252180099487
1703481479,"2023-12-25 05:17:59",B5956,CA4306,8412.48,801.916,329,104.96527862549,28.277849197388
1703481494,"2023-12-25 05:18:14",B5956,CA4306,8412.48,803.768,329,104.9448928833,28.3069190979
1703481509,"2023-12-25 05:18:29",B5956,CA4306,8412.48,803.768,328,104.92993927002,28.328149795532
1703481524,"2023-12-25 05:18:44",B5956,CA4306,8412.48,803.768,329,104.91130065918,28.354749679565
1703481539,"2023-12-25 05:18:59",B5956,CA4306,8412.48,801.916,328,104.89338684082,28.380109786987
1703481554,"2023-12-25 05:19:14",B5956,CA4306,8412.48,801.916,329,104.87506103516,28.406129837036
1703481569,"2023-12-25 05:19:29",B5956,CA4306,8412.48,803.768,329,104.85774230957,28.43078994751
1703481584,"2023-12-25 05:19:44",B5956,CA4306,8412.48,805.62,329,104.83988952637,28.456329345703
1703481599,"2023-12-25 05:19:59",B5956,CA4306,8412.48,807.472,329,104.82176971436,28.482280731201
1703481614,"2023-12-25 05:20:14",B5956,CA4306,8412.48,811.176,329,104.80272674561,28.509569168091
1703481629,"2023-12-25 05:20:29",B5956,CA4306,8412.48,813.028,329,104.78565979004,28.533960342407
1703481644,"2023-12-25 05:20:44",B5956,CA4306,8412.48,813.028,329,104.76712799072,28.56044960022
1703481659,"2023-12-25 05:20:59",B5956,CA4306,8336.28,807.472,329,104.74935913086,28.585910797119
1703481674,"2023-12-25 05:21:14",B5956,CA4306,8145.78,805.62,329,104.73100280762,28.612169265747
1703481689,"2023-12-25 05:21:29",B5956,CA4306,7962.9,803.768,329,104.71289825439,28.638050079346
1703481704,"2023-12-25 05:21:44",B5956,CA4306,7863.84,783.396,329,104.69508361816,28.663520812988
1703481719,"2023-12-25 05:21:59",B5956,CA4306,7688.58,779.692,329,104.67746734619,28.688640594482
1703481734,"2023-12-25 05:22:14",B5956,CA4306,7513.32,775.988,329,104.66055297852,28.712770462036
1703481749,"2023-12-25 05:22:29",B5956,CA4306,7353.3,768.58,329,104.64293670654,28.737720489502
1703481764,"2023-12-25 05:22:44",B5956,CA4306,7200.9,759.32,329,104.62608337402,28.761699676514
1703481779,"2023-12-25 05:22:59",B5956,CA4306,7056.12,750.06,329,104.60884857178,28.786130905151
1703481794,"2023-12-25 05:23:14",B5956,CA4306,6888.48,746.356,329,104.59216308594,28.80978012085
1703481809,"2023-12-25 05:23:29",B5956,CA4306,6713.22,742.652,329,104.57520294189,28.833799362183
1703481824,"2023-12-25 05:23:44",B5956,CA4306,6545.58,740.8,329,104.55857086182,28.857419967651
1703481839,"2023-12-25 05:23:59",B5956,CA4306,6385.56,735.244,329,104.54209899902,28.880809783936
1703481854,"2023-12-25 05:24:14",B5956,CA4306,6217.92,731.54,328,104.52529907227,28.904390335083
1703481869,"2023-12-25 05:24:29",B5956,CA4306,6042.66,729.688,328,104.50865936279,28.927690505981
1703481884,"2023-12-25 05:24:44",B5956,CA4306,5875.02,722.28,328,104.48944091797,28.954650878906
1703481899,"2023-12-25 05:24:59",B5956,CA4306,5760.72,714.872,328,104.47561645508,28.973880767822
1703481914,"2023-12-25 05:25:14",B5956,CA4306,5646.42,705.612,328,104.45983886719,28.995950698853
1703481929,"2023-12-25 05:25:29",B5956,CA4306,5509.26,698.204,328,104.4436416626,29.018650054932
1703481944,"2023-12-25 05:25:44",B5956,CA4306,5341.62,698.204,328,104.42790222168,29.040639877319
1703481959,"2023-12-25 05:25:59",B5956,CA4306,5212.08,692.648,328,104.41115570068,29.064004898071
1703481974,"2023-12-25 05:26:14",B5956,CA4306,5067.3,687.092,328,104.39584350586,29.085430145264
1703481989,"2023-12-25 05:26:29",B5956,CA4306,4892.04,692.648,329,104.37992095947,29.107719421387
1703482004,"2023-12-25 05:26:44",B5956,CA4306,4770.12,685.24,329,104.36435699463,29.12952041626
1703482019,"2023-12-25 05:26:59",B5956,CA4306,4663.44,674.128,329,104.34922027588,29.150730133057
1703482034,"2023-12-25 05:27:14",B5956,CA4306,4556.76,664.868,329,104.33419799805,29.171720504761
1703482049,"2023-12-25 05:27:29",B5956,CA4306,4434.84,659.312,328,104.31928253174,29.192579269409
1703482064,"2023-12-25 05:27:44",B5956,CA4306,4328.16,651.904,328,104.30425262451,29.213531494141
1703482079,"2023-12-25 05:27:59",B5956,CA4306,4229.1,640.792,329,104.28949737549,29.234060287476
1703482094,"2023-12-25 05:28:14",B5956,CA4306,4152.9,637.088,328,104.27472686768,29.254623413086
1703482109,"2023-12-25 05:28:29",B5956,CA4306,4069.08,633.384,329,104.26020050049,29.274887084961
1703482124,"2023-12-25 05:28:44",B5956,CA4306,3992.88,633.384,326,104.24498748779,29.295499801636
1703482139,"2023-12-25 05:28:59",B5956,CA4306,3916.68,633.384,325,104.23014831543,29.314178466797
1703482154,"2023-12-25 05:29:14",B5956,CA4306,3840.48,629.68,324,104.21424865723,29.333450317383
1703482169,"2023-12-25 05:29:29",B5956,CA4306,3764.28,631.532,325,104.1982421875,29.352584838867
1703482184,"2023-12-25 05:29:44",B5956,CA4306,3688.08,646.348,324,104.1819229126,29.372268676758
1703482199,"2023-12-25 05:29:59",B5956,CA4306,3619.5,650.052,326,104.16558074951,29.392244338989
1703482214,"2023-12-25 05:30:14",B5956,CA4306,3596.64,646.348,325,104.14928436279,29.412460327148
1703482229,"2023-12-25 05:30:29",B5956,CA4306,3596.64,646.348,325,104.13380432129,29.431720733643
1703482244,"2023-12-25 05:30:44",B5956,CA4306,3596.64,648.2,325,104.11743164062,29.452110290527
1703482259,"2023-12-25 05:30:59",B5956,CA4306,3596.64,650.052,325,104.10176086426,29.471569061279
1703482274,"2023-12-25 05:31:14",B5956,CA4306,3596.64,648.2,325,104.08592987061,29.491214752197
1703482285,"2023-12-25 05:31:25",B5956,CA4306,3589.02,648.2,326,104.07498931885,29.504810333252
1703482298,"2023-12-25 05:31:38",B5956,CA4306,3497.58,650.052,326,104.05625152588,29.528038024902
1703482312,"2023-12-25 05:31:52",B5956,CA4306,3444.24,650.052,325,104.04412078857,29.543060302734
1703482324,"2023-12-25 05:32:04",B5956,CA4306,3383.28,644.496,325,104.0322265625,29.557800292969
1703482338,"2023-12-25 05:32:18",B5956,CA4306,3314.7,633.384,325,104.01744842529,29.576200485229
1703482349,"2023-12-25 05:32:29",B5956,CA4306,3246.12,622.272,325,104.00366210938,29.593229293823
1703482367,"2023-12-25 05:32:47",B5956,CA4306,3162.3,607.456,325,103.98586273193,29.61527633667
1703482387,"2023-12-25 05:33:07",B5956,CA4306,3063.24,592.64,325,103.96729278564,29.638179779053
1703482406,"2023-12-25 05:33:26",B5956,CA4306,2971.8,574.12,325,103.94613647461,29.664409637451
1703482420,"2023-12-25 05:33:40",B5956,CA4306,2941.32,561.156,325,103.93502807617,29.678169250488
1703482435,"2023-12-25 05:33:55",B5956,CA4306,2903.22,548.192,325,103.92237091064,29.693809509277
1703482450,"2023-12-25 05:34:10",B5956,CA4306,2865.12,529.672,325,103.90766906738,29.711870193481
1703482465,"2023-12-25 05:34:25",B5956,CA4306,2834.64,514.856,325,103.89550018311,29.726860046387
1703482480,"2023-12-25 05:34:40",B5956,CA4306,2804.16,501.892,326,103.88246154785,29.743339538574
1703482495,"2023-12-25 05:34:55",B5956,CA4306,2758.44,490.78,352,103.87615966797,29.759540557861
1703482510,"2023-12-25 05:35:10",B5956,CA4306,2727.96,483.372,19,103.87917327881,29.776979446411
1703482524,"2023-12-25 05:35:24",B5956,CA4306,2697.48,475.964,23,103.88709259033,29.793292999268
1703482542,"2023-12-25 05:35:42",B5956,CA4306,2644.14,464.852,22,103.89586639404,29.812099456787
1703482557,"2023-12-25 05:35:57",B5956,CA4306,2613.66,455.592,21,103.90319824219,29.828300476074
1703482572,"2023-12-25 05:36:12",B5956,CA4306,2606.04,455.592,21,103.91121673584,29.846130371094
1703482587,"2023-12-25 05:36:27",B5956,CA4306,2606.04,455.592,21,103.91731262207,29.859439849854
1703482602,"2023-12-25 05:36:42",B5956,CA4306,2606.04,457.444,21,103.92446899414,29.875080108643
1703482617,"2023-12-25 05:36:57",B5956,CA4306,2606.04,457.444,21,103.93257141113,29.892879486084
1703482632,"2023-12-25 05:37:12",B5956,CA4306,2606.04,457.444,22,103.93955230713,29.908000946045
1703482647,"2023-12-25 05:37:27",B5956,CA4306,2545.08,453.74,21,103.94666290283,29.923320770264
1703482662,"2023-12-25 05:37:42",B5956,CA4306,2446.02,461.148,22,103.95413970947,29.939350128174
1703482677,"2023-12-25 05:37:57",B5956,CA4306,2362.2,459.296,22,103.96356964111,29.959487915039
1703482692,"2023-12-25 05:38:12",B5956,CA4306,2324.1,457.444,22,103.96911621094,29.971300125122
1703482707,"2023-12-25 05:38:27",B5956,CA4306,2301.24,453.74,21,103.97686004639,29.98797416687
1703482722,"2023-12-25 05:38:42",B5956,CA4306,2301.24,453.74,21,103.98449707031,30.00444984436
1703482736,"2023-12-25 05:38:56",B5956,CA4306,2301.24,455.592,21,103.99060058594,30.017810821533
1703482750,"2023-12-25 05:39:10",B5956,CA4306,2301.24,459.296,22,103.99752044678,30.032760620117
1703482765,"2023-12-25 05:39:25",B5956,CA4306,2301.24,457.444,21,104.00643920898,30.052139282227
1703482780,"2023-12-25 05:39:40",B5956,CA4306,2301.24,457.444,21,104.0124130249,30.065048217773
1703482795,"2023-12-25 05:39:55",B5956,CA4306,2247.9,455.592,22,104.01984405518,30.081115722656
1703482810,"2023-12-25 05:40:10",B5956,CA4306,2202.18,438.924,22,104.02797698975,30.098510742188
1703482825,"2023-12-25 05:40:25",B5956,CA4306,2179.32,425.96,22,104.0337677002,30.111057281494
1703482840,"2023-12-25 05:40:40",B5956,CA4306,2141.22,409.292,22,104.04058074951,30.12565612793
1703482855,"2023-12-25 05:40:55",B5956,CA4306,2095.5,400.032,22,104.04711914062,30.139827728271
1703482870,"2023-12-25 05:41:10",B5956,CA4306,2042.16,392.624,22,104.05355834961,30.153625488281
1703482885,"2023-12-25 05:41:25",B5956,CA4306,1996.44,379.66,22,104.06024932861,30.168037414551
1703482900,"2023-12-25 05:41:40",B5956,CA4306,2004.06,370.4,22,104.06568908691,30.179679870605
1703482915,"2023-12-25 05:41:55",B5956,CA4306,1996.44,374.104,22,104.07173156738,30.192756652832
1703482930,"2023-12-25 05:42:10",B5956,CA4306,1996.44,374.104,22,104.07788085938,30.205932617188
1703482945,"2023-12-25 05:42:25",B5956,CA4306,1996.44,375.956,22,104.08409118652,30.219291687012
1703482960,"2023-12-25 05:42:40",B5956,CA4306,1996.44,374.104,22,104.09013366699,30.232326507568
1703482975,"2023-12-25 05:42:55",B5956,CA4306,1996.44,379.66,1,104.09400177002,30.246000289917
1703482990,"2023-12-25 05:43:10",B5956,CA4306,1996.44,372.252,328,104.0888671875,30.259050369263
1703483005,"2023-12-25 05:43:25",B5956,CA4306,1988.82,364.844,297,104.07617950439,30.267147064209
1703483020,"2023-12-25 05:43:40",B5956,CA4306,1912.62,368.548,292,104.06147766113,30.272644042969
1703483035,"2023-12-25 05:43:55",B5956,CA4306,1828.8,368.548,292,104.0471496582,30.277679443359
1703483050,"2023-12-25 05:44:10",B5956,CA4306,1752.6,368.548,292,104.03207397461,30.282852172852
1703483065,"2023-12-25 05:44:25",B5956,CA4306,1699.26,366.696,291,104.01721191406,30.287929534912
1703483080,"2023-12-25 05:44:40",B5956,CA4306,1691.64,366.696,292,104.00261688232,30.29296875
1703483095,"2023-12-25 05:44:55",B5956,CA4306,1691.64,364.844,292,103.98721313477,30.298280715942
1703483110,"2023-12-25 05:45:10",B5956,CA4306,1691.64,361.14,269,103.97255706787,30.300930023193
1703483125,"2023-12-25 05:45:25",B5956,CA4306,1691.64,355.584,232,103.95802307129,30.295219421387
1703483140,"2023-12-25 05:45:40",B5956,CA4306,1691.64,357.436,204,103.95043945312,30.284229278564
1703483155,"2023-12-25 05:45:55",B5956,CA4306,1691.64,359.288,202,103.94429016113,30.271728515625
1703483170,"2023-12-25 05:46:10",B5956,CA4306,1691.64,359.288,202,103.93841552734,30.259140014648
1703483185,"2023-12-25 05:46:25",B5956,CA4306,1691.64,359.288,201,103.9327545166,30.24666595459
1703483200,"2023-12-25 05:46:40",B5956,CA4306,1691.64,361.14,208,103.92637634277,30.233350753784
1703483215,"2023-12-25 05:46:55",B5956,CA4306,1691.64,368.548,242,103.91549682617,30.224550247192
1703483230,"2023-12-25 05:47:10",B5956,CA4306,1691.64,366.696,277,103.90061187744,30.223114013672
1703483245,"2023-12-25 05:47:25",B5956,CA4306,1661.16,368.548,287,103.88496398926,30.226600646973
1703483260,"2023-12-25 05:47:40",B5956,CA4306,1623.06,355.584,283,103.86943054199,30.230346679688
1703483275,"2023-12-25 05:47:55",B5956,CA4306,1577.34,342.62,279,103.85535430908,30.232326507568
1703483290,"2023-12-25 05:48:10",B5956,CA4306,1539.24,331.508,280,103.84104919434,30.234191894531
1703483305,"2023-12-25 05:48:25",B5956,CA4306,1493.52,320.396,316,103.82844543457,30.240005493164
1703483320,"2023-12-25 05:48:40",B5956,CA4306,1455.42,318.544,345,103.82263183594,30.251495361328
1703483335,"2023-12-25 05:48:55",B5956,CA4306,1417.32,318.544,3,103.82151794434,30.262586593628
1703483350,"2023-12-25 05:49:10",B5956,CA4306,1379.22,320.396,16,103.82397460938,30.27424621582
1703483365,"2023-12-25 05:49:25",B5956,CA4306,1341.12,318.544,20,103.8285446167,30.285722732544
1703483380,"2023-12-25 05:49:40",B5956,CA4306,1303.02,312.988,21,103.83316040039,30.296661376953
1703483395,"2023-12-25 05:49:55",B5956,CA4306,1264.92,314.84,22,103.83835601807,30.307891845703
1703483410,"2023-12-25 05:50:10",B5956,CA4306,1226.82,314.84,22,103.84337615967,30.318634033203
1703483425,"2023-12-25 05:50:25",B5956,CA4306,1188.72,312.988,22,103.84843444824,30.329435348511
1703483440,"2023-12-25 05:50:40",B5956,CA4306,1150.62,311.136,22,103.8536529541,30.340576171875
1703483578,"2023-12-25 05:52:58",B5956,CA4306,960.12,259.28,21,103.8975982666,30.435419082642
1703483593,"2023-12-25 05:53:13",B5956,CA4306,899.16,255.576,22,103.90168762207,30.44416809082
1703483608,"2023-12-25 05:53:28",B5956,CA4306,845.82,250.02,22,103.90577697754,30.453077316284
1703483623,"2023-12-25 05:53:43",B5956,CA4306,792.48,250.02,22,103.90984344482,30.46183013916
1703483638,"2023-12-25 05:53:58",B5956,CA4306,739.14,250.02,22,103.91396331787,30.470579147339
1703483653,"2023-12-25 05:54:13",B5956,CA4306,678.18,251.872,21,103.91802978516,30.479566574097
1703483668,"2023-12-25 05:54:28",B5956,CA4306,624.84,251.872,21,103.92205047607,30.488159179688
1703483683,"2023-12-25 05:54:43",B5956,CA4306,563.88,251.872,21,103.92616271973,30.497020721436
1703483698,"2023-12-25 05:54:58",B5956,CA4306,510.54,251.872,21,103.93032836914,30.505870819092
1703483713,"2023-12-25 05:55:13",B5956,CA4306,449.58,251.872,22,103.93456268311,30.514944076538
1703483728,"2023-12-25 05:55:28",B5956,CA4306,396.24,251.872,22,103.93852233887,30.523464202881
1703483743,"2023-12-25 05:55:43",B5956,CA4306,396.24,200.016,22,103.94203186035,30.531099319458
1703483758,"2023-12-25 05:55:58",B5956,CA4306,396.24,103.712,22,103.94436645508,30.536079406738
1703483773,"2023-12-25 05:56:13",B5956,CA4306,396.24,74.08,22,103.94593811035,30.53946685791
1703483788,"2023-12-25 05:56:28",B5956,CA4306,396.24,48.152,22,103.94623565674,30.541492462158
1703483803,"2023-12-25 05:56:43",B5956,CA4306,396.24,40.744,22,103.94598388672,30.543067932129
1703483823,"2023-12-25 05:57:03",B5956,CA4306,396.24,29.632,22,103.94609832764,30.544633865356
1703483856,"2023-12-25 05:57:36",B5956,CA4306,396.24,44.448,22,103.94757080078,30.547775268555
1703483871,"2023-12-25 05:57:51",B5956,CA4306,396.24,37.04,22,103.94817352295,30.54907989502
1703483886,"2023-12-25 05:58:06",B5956,CA4306,396.24,22.224,22,103.94861602783,30.550022125244
1703483901,"2023-12-25 05:58:21",B5956,CA4306,396.24,22.224,22,103.94792175293,30.55052947998
1703483915,"2023-12-25 05:58:35",B5956,CA4306,396.24,25.928,22,103.94702148438,30.550813674927
1703483929,"2023-12-25 05:58:49",B5956,CA4306,396.24,29.632,22,103.94585418701,30.551261901855
1703483968,"2023-12-25 05:59:28",B5956,CA4306,396.24,33.336,22,103.94400024414,30.553886413574
1703483979,"2023-12-25 05:59:39",B5956,CA4306,396.24,37.04,337,103.94374084473,30.554433822632
1703483993,"2023-12-25 05:59:53",B5956,CA4306,396.24,40.744,337,103.94305419922,30.555793762207
1703484008,"2023-12-25 06:00:08",B5956,CA4306,396.24,33.336,337,103.94236755371,30.557167053223
1703484023,"2023-12-25 06:00:23",B5956,CA4306,396.24,29.632,337,103.94204711914,30.558191299438
1703484038,"2023-12-25 06:00:38",B5956,CA4306,396.24,29.632,337,103.94225311279,30.559261322021
1703484053,"2023-12-25 06:00:53",B5956,CA4306,396.24,40.744,19,103.94287109375,30.560554504395
1703484068,"2023-12-25 06:01:08",B5956,CA4306,396.24,48.152,19,103.94356536865,30.562030792236
1703484083,"2023-12-25 06:01:23",B5956,CA4306,396.24,48.152,19,103.94434356689,30.563724517822
1703484095,"2023-12-25 06:01:35",B5956,CA4306,396.24,40.744,22,103.94493103027,30.564989089966
1703484109,"2023-12-25 06:01:49",B5956,CA4306,396.24,48.152,22,103.9455947876,30.566385269165
1703484120,"2023-12-25 06:02:00",B5956,CA4306,396.24,40.744,22,103.94608306885,30.567468643188
1703484135,"2023-12-25 06:02:15",B5956,CA4306,396.24,20.372,22,103.94686889648,30.568771362305
1703484150,"2023-12-25 06:02:30",B5956,CA4306,396.24,18.52,22,103.94746398926,30.568691253662
1703484165,"2023-12-25 06:02:45",B5956,CA4306,396.24,16.668,22,103.94791412354,30.569309234619
1703484180,"2023-12-25 06:03:00",B5956,CA4306,396.24,12.964,22,103.94825744629,30.569652557373
1703484195,"2023-12-25 06:03:15",B5956,CA4306,396.24,9.26,22,103.94878387451,30.569721221924
