Time,"UTC TIME",Anum,Fnum,Height,Speed,Angle,Longitude,Latitude
1687412578,"2023-06-22 05:42:58",B329E,MU5156,160.02,77.784,357,116.59834,40.06695
1687412583,"2023-06-22 05:43:03",B329E,MU5156,243.84,300.024,171,116.59912,40.06288
1687412598,"2023-06-22 05:43:18",B329E,MU5156,472.44,292.616,172,116.60114,40.05176
1687412613,"2023-06-22 05:43:33",B329E,MU5156,685.8,287.06,173,116.602905,40.040268
1687412628,"2023-06-22 05:43:48",B329E,MU5156,861.06,281.504,176,116.60396,40.03032
1687412643,"2023-06-22 05:44:03",B329E,MU5156,1005.84,298.172,177,116.6048,40.01935
1687412658,"2023-06-22 05:44:18",B329E,MU5156,1150.62,322.248,175,116.605703,40.007878
1687412673,"2023-06-22 05:44:33",B329E,MU5156,1257.3,377.808,171,116.607576,39.994936
1687412688,"2023-06-22 05:44:48",B329E,MU5156,1363.98,422.256,169,116.61084,39.98007
1687412704,"2023-06-22 05:45:04",B329E,MU5156,1470.66,470.408,171,116.61444,39.96328
1687412718,"2023-06-22 05:45:18",B329E,MU5156,1539.24,514.856,173,116.61781,39.94526
1687412733,"2023-06-22 05:45:33",B329E,MU5156,1737.36,525.968,173,116.62085,39.92587
1687412748,"2023-06-22 05:45:48",B329E,MU5156,1882.14,522.264,173,116.62381,39.90628
1687412763,"2023-06-22 05:46:03",B329E,MU5156,2087.88,525.968,173,116.62683,39.88628
1687412778,"2023-06-22 05:46:18",B329E,MU5156,2293.62,540.784,174,116.629725,39.866959
1687412793,"2023-06-22 05:46:33",B329E,MU5156,2453.64,559.304,173,116.63283,39.84613
1687412808,"2023-06-22 05:46:48",B329E,MU5156,2682.24,563.008,173,116.63593,39.82549
1687412823,"2023-06-22 05:47:03",B329E,MU5156,2933.7,566.712,173,116.63922,39.80397
1687412838,"2023-06-22 05:47:18",B329E,MU5156,3177.54,572.268,173,116.6424,39.78331
1687412853,"2023-06-22 05:47:33",B329E,MU5156,3413.76,577.824,174,116.64579,39.76089
1687412868,"2023-06-22 05:47:48",B329E,MU5156,3657.6,581.528,173,116.64893,39.73992
1687412883,"2023-06-22 05:48:03",B329E,MU5156,3893.82,585.232,173,116.65216,39.71846
1687412899,"2023-06-22 05:48:19",B329E,MU5156,4099.56,594.492,173,116.65564,39.69593
1687412913,"2023-06-22 05:48:33",B329E,MU5156,4191,594.492,173,116.659,39.67442
1687412928,"2023-06-22 05:48:48",B329E,MU5156,4206.24,596.344,173,116.66256,39.65144
1687412943,"2023-06-22 05:49:03",B329E,MU5156,4206.24,596.344,173,116.66589,39.62913
1687412958,"2023-06-22 05:49:18",B329E,MU5156,4267.2,596.344,173,116.66931,39.60711
1687412973,"2023-06-22 05:49:33",B329E,MU5156,4434.84,598.196,173,116.67267,39.58532
1687412988,"2023-06-22 05:49:48",B329E,MU5156,4648.2,601.9,173,116.67612,39.563
1687413003,"2023-06-22 05:50:03",B329E,MU5156,4754.88,603.752,173,116.67976,39.53979
1687413014,"2023-06-22 05:50:14",B329E,MU5156,4777.74,601.9,173,116.68191,39.52583
1687413028,"2023-06-22 05:50:28",B329E,MU5156,4838.7,607.456,173,116.68543,39.5029
1687413043,"2023-06-22 05:50:43",B329E,MU5156,4991.1,618.568,173,116.6889,39.48006
1687413058,"2023-06-22 05:50:58",B329E,MU5156,5196.84,624.124,173,116.69232,39.45735
1687413073,"2023-06-22 05:51:13",B329E,MU5156,5425.44,625.976,173,116.69617,39.43249
1687413088,"2023-06-22 05:51:28",B329E,MU5156,5631.18,629.68,173,116.69977,39.40945
1687413103,"2023-06-22 05:51:43",B329E,MU5156,5829.3,637.088,173,116.70343,39.38543
1687413118,"2023-06-22 05:51:58",B329E,MU5156,5966.46,644.496,173,116.70697,39.36178
1687413129,"2023-06-22 05:52:09",B329E,MU5156,5996.94,651.904,173,116.7095,39.34552
1687413143,"2023-06-22 05:52:23",B329E,MU5156,6004.56,674.128,173,116.71326,39.32085
1687413158,"2023-06-22 05:52:38",B329E,MU5156,6004.56,716.724,173,116.71722,39.29502
1687413173,"2023-06-22 05:52:53",B329E,MU5156,6004.56,722.28,173,116.72137,39.26826
1687413188,"2023-06-22 05:53:08",B329E,MU5156,6126.48,703.76,170,116.72699,39.23863
1687413203,"2023-06-22 05:53:23",B329E,MU5156,6301.74,711.168,169,116.7326,39.2136
1687413218,"2023-06-22 05:53:38",B329E,MU5156,6385.56,737.096,170,116.73871,39.18679
1687413233,"2023-06-22 05:53:53",B329E,MU5156,6499.86,750.06,170,116.74496,39.15898
1687413248,"2023-06-22 05:54:08",B329E,MU5156,6560.82,777.84,171,116.75093,39.13138
1687413259,"2023-06-22 05:54:19",B329E,MU5156,6614.16,790.804,171,116.75529,39.11064
1687413273,"2023-06-22 05:54:33",B329E,MU5156,6743.7,800.064,170,116.7612,39.08249
1687413288,"2023-06-22 05:54:48",B329E,MU5156,6896.1,805.62,170,116.7677,39.051043
1687413303,"2023-06-22 05:55:03",B329E,MU5156,7056.12,811.176,171,116.773622,39.022751
1687413319,"2023-06-22 05:55:19",B329E,MU5156,7208.52,818.584,170,116.78007,38.99167
1687413333,"2023-06-22 05:55:33",B329E,MU5156,7322.82,824.14,170,116.78455,38.97025
1687413348,"2023-06-22 05:55:48",B329E,MU5156,7467.6,829.696,170,116.79082,38.93985
1687413363,"2023-06-22 05:56:03",B329E,MU5156,7620,833.4,170,116.79712,38.90948
1687413378,"2023-06-22 05:56:18",B329E,MU5156,7772.4,840.808,171,116.80419,38.87558
1687413393,"2023-06-22 05:56:33",B329E,MU5156,7894.32,850.068,171,116.81085,38.84337
1687413408,"2023-06-22 05:56:48",B329E,MU5156,8008.62,857.476,170,116.81744,38.81162
1687413423,"2023-06-22 05:57:03",B329E,MU5156,8122.92,864.884,171,116.82397,38.77997
1687413439,"2023-06-22 05:57:19",B329E,MU5156,8260.08,868.588,170,116.8307,38.7475
1687413453,"2023-06-22 05:57:33",B329E,MU5156,8404.86,872.292,170,116.837708,38.713632
1687413469,"2023-06-22 05:57:49",B329E,MU5156,8557.26,872.292,170,116.84454,38.68058
1687413483,"2023-06-22 05:58:03",B329E,MU5156,8686.8,875.996,171,116.851482,38.646744
1687413498,"2023-06-22 05:58:18",B329E,MU5156,8808.72,879.7,171,116.85785,38.61573
1687413513,"2023-06-22 05:58:33",B329E,MU5156,8900.16,885.256,171,116.86377,38.58715
1687413528,"2023-06-22 05:58:48",B329E,MU5156,8983.98,890.812,170,116.87083,38.55295
1687413539,"2023-06-22 05:58:59",B329E,MU5156,9037.32,900.072,170,116.8756,38.5296
1687413553,"2023-06-22 05:59:13",B329E,MU5156,9151.62,903.776,170,116.88293,38.49363
1687413568,"2023-06-22 05:59:28",B329E,MU5156,9243.06,909.332,171,116.889771,38.460342
1687413583,"2023-06-22 05:59:43",B329E,MU5156,9304.02,916.74,171,116.89594,38.43004
1687413599,"2023-06-22 05:59:59",B329E,MU5156,9387.84,926,171,116.902946,38.395844
1687413613,"2023-06-22 06:00:13",B329E,MU5156,9494.52,929.704,171,116.91031,38.36
1687413628,"2023-06-22 06:00:28",B329E,MU5156,9616.44,927.852,171,116.91746,38.32483
1687413643,"2023-06-22 06:00:43",B329E,MU5156,9784.08,926,171,116.924803,38.288983
1687413658,"2023-06-22 06:00:58",B329E,MU5156,9898.38,922.296,171,116.93036,38.26166
1687413673,"2023-06-22 06:01:13",B329E,MU5156,10050.78,918.592,171,116.9374,38.22735
1687413688,"2023-06-22 06:01:28",B329E,MU5156,10203.18,914.888,171,116.944268,38.19369
1687413703,"2023-06-22 06:01:43",B329E,MU5156,10370.82,911.184,171,116.951859,38.156204
1687413714,"2023-06-22 06:01:54",B329E,MU5156,10462.26,909.332,171,116.95669,38.13247
1687413728,"2023-06-22 06:02:08",B329E,MU5156,10607.04,905.628,171,116.96343,38.09917
1687413743,"2023-06-22 06:02:23",B329E,MU5156,10690.86,907.48,171,116.97012,38.0659
1687413758,"2023-06-22 06:02:38",B329E,MU5156,10698.48,918.592,171,116.97699,38.03201
1687413769,"2023-06-22 06:02:49",B329E,MU5156,10698.48,922.296,171,116.98135,38.01018
1687413783,"2023-06-22 06:03:03",B329E,MU5156,10698.48,929.704,171,116.98844,37.9753
1687413798,"2023-06-22 06:03:18",B329E,MU5156,10698.48,929.704,171,116.99586,37.9384
1687413813,"2023-06-22 06:03:33",B329E,MU5156,10698.48,933.408,171,117.00288,37.90384
1687413828,"2023-06-22 06:03:48",B329E,MU5156,10698.48,933.408,171,117.00971,37.87015
1687413843,"2023-06-22 06:04:03",B329E,MU5156,10698.48,933.408,171,117.01672,37.83531
1687413858,"2023-06-22 06:04:18",B329E,MU5156,10698.48,933.408,171,117.02385,37.80011
1687413874,"2023-06-22 06:04:34",B329E,MU5156,10698.48,933.408,171,117.03073,37.76602
1687413888,"2023-06-22 06:04:48",B329E,MU5156,10698.48,933.408,171,117.037529,37.731903
1687413903,"2023-06-22 06:05:03",B329E,MU5156,10698.48,933.408,171,117.04466,37.69656
1687413918,"2023-06-22 06:05:18",B329E,MU5156,10698.48,929.704,171,117.051963,37.659943
1687413929,"2023-06-22 06:05:29",B329E,MU5156,10698.48,929.704,171,117.05652,37.6372
1687413943,"2023-06-22 06:05:43",B329E,MU5156,10698.48,927.852,171,117.06339,37.60308
1687413959,"2023-06-22 06:05:59",B329E,MU5156,10698.48,927.852,171,117.0702,37.5688
1687413973,"2023-06-22 06:06:13",B329E,MU5156,10698.48,926,171,117.07712,37.53423
1687413984,"2023-06-22 06:06:24",B329E,MU5156,10698.48,926,171,117.08165,37.51135
1687413998,"2023-06-22 06:06:38",B329E,MU5156,10698.48,926,171,117.08858,37.47688
1687414013,"2023-06-22 06:06:53",B329E,MU5156,10698.48,922.296,171,117.09527,37.44347
1687414028,"2023-06-22 06:07:08",B329E,MU5156,10698.48,922.296,171,117.102256,37.40854
1687414043,"2023-06-22 06:07:23",B329E,MU5156,10698.48,920.444,171,117.10882,37.37526
1687414058,"2023-06-22 06:07:38",B329E,MU5156,10698.48,920.444,171,117.116049,37.338898
1687414073,"2023-06-22 06:07:53",B329E,MU5156,10698.48,920.444,171,117.122498,37.306366
1687414088,"2023-06-22 06:08:08",B329E,MU5156,10698.48,920.444,171,117.12751,37.28108
1687414103,"2023-06-22 06:08:23",B329E,MU5156,10698.48,922.296,171,117.1342,37.24724
1687414118,"2023-06-22 06:08:38",B329E,MU5156,10698.48,922.296,171,117.141081,37.212662
1687414134,"2023-06-22 06:08:54",B329E,MU5156,10698.48,924.148,171,117.147801,37.178741
1687414148,"2023-06-22 06:09:08",B329E,MU5156,10698.48,924.148,171,117.15458,37.144455
1687414163,"2023-06-22 06:09:23",B329E,MU5156,10698.48,926,171,117.16118,37.11104
1687414178,"2023-06-22 06:09:38",B329E,MU5156,10698.48,926,171,117.168115,37.075925
1687414189,"2023-06-22 06:09:49",B329E,MU5156,10698.48,926,171,117.172533,37.05344
1687414203,"2023-06-22 06:10:03",B329E,MU5156,10698.48,927.852,171,117.179299,37.019165
1687414218,"2023-06-22 06:10:18",B329E,MU5156,10698.48,929.704,171,117.186087,36.984496
1687414233,"2023-06-22 06:10:33",B329E,MU5156,10698.48,929.704,171,117.192915,36.949951
1687414248,"2023-06-22 06:10:48",B329E,MU5156,10698.48,929.704,171,117.199636,36.915619
1687414259,"2023-06-22 06:10:59",B329E,MU5156,10698.48,929.704,171,117.204179,36.892648
1687414274,"2023-06-22 06:11:14",B329E,MU5156,10698.48,927.852,171,117.210914,36.858536
1687414288,"2023-06-22 06:11:28",B329E,MU5156,10698.48,933.408,169,117.2188,36.82283
1687414303,"2023-06-22 06:11:43",B329E,MU5156,10698.48,937.112,166,117.22809,36.79061
1687414318,"2023-06-22 06:11:58",B329E,MU5156,10698.48,933.408,166,117.23885,36.75616
1687414329,"2023-06-22 06:12:09",B329E,MU5156,10698.48,933.408,166,117.24598,36.73297
1687414343,"2023-06-22 06:12:23",B329E,MU5156,10698.48,929.704,166,117.256028,36.699643
1687414358,"2023-06-22 06:12:38",B329E,MU5156,10698.48,929.704,167,117.26629,36.66508
1687414373,"2023-06-22 06:12:53",B329E,MU5156,10698.48,929.704,167,117.276189,36.63163
1687414388,"2023-06-22 06:13:08",B329E,MU5156,10698.48,927.852,166,117.28618,36.59788
1687414403,"2023-06-22 06:13:23",B329E,MU5156,10698.48,927.852,166,117.296448,36.563416
1687414418,"2023-06-22 06:13:38",B329E,MU5156,10698.48,929.704,166,117.3064,36.52986
1687414433,"2023-06-22 06:13:53",B329E,MU5156,10698.48,926,166,117.31625,36.49686
1687414448,"2023-06-22 06:14:08",B329E,MU5156,10698.48,927.852,166,117.326271,36.463111
1687414459,"2023-06-22 06:14:19",B329E,MU5156,10698.48,926,166,117.33301,36.44041
1687414473,"2023-06-22 06:14:33",B329E,MU5156,10698.48,924.148,166,117.34293,36.40692
1687414488,"2023-06-22 06:14:48",B329E,MU5156,10698.48,926,166,117.3531,36.37271
1687414503,"2023-06-22 06:15:03",B329E,MU5156,10698.48,926,166,117.36322,36.33847
1687414518,"2023-06-22 06:15:18",B329E,MU5156,10698.48,926,166,117.37307,36.30515
1687414533,"2023-06-22 06:15:33",B329E,MU5156,10698.48,926,166,117.38325,36.27071
1687414548,"2023-06-22 06:15:48",B329E,MU5156,10698.48,927.852,166,117.39321,36.23698
1687414563,"2023-06-22 06:16:03",B329E,MU5156,10698.48,929.704,167,117.40299,36.2038
1687414578,"2023-06-22 06:16:18",B329E,MU5156,10698.48,926,166,117.41317,36.16932
1687414593,"2023-06-22 06:16:33",B329E,MU5156,10698.48,926,167,117.42293,36.13631
1687414608,"2023-06-22 06:16:48",B329E,MU5156,10698.48,924.148,166,117.43309,36.101715
1687414623,"2023-06-22 06:17:03",B329E,MU5156,10698.48,924.148,166,117.44282,36.0688
1687414638,"2023-06-22 06:17:18",B329E,MU5156,10698.48,924.148,166,117.4526,36.03529
1687414653,"2023-06-22 06:17:33",B329E,MU5156,10698.48,926,166,117.46284,36.00052
1687414668,"2023-06-22 06:17:48",B329E,MU5156,10698.48,926,166,117.47274,35.96667
1687414683,"2023-06-22 06:18:03",B329E,MU5156,10698.48,926,166,117.482475,35.933486
1687414698,"2023-06-22 06:18:18",B329E,MU5156,10698.48,929.704,167,117.492351,35.899736
1687414713,"2023-06-22 06:18:33",B329E,MU5156,10698.48,927.852,166,117.50252,35.86505
1687414728,"2023-06-22 06:18:48",B329E,MU5156,10698.48,926,166,117.51263,35.83042
1687414743,"2023-06-22 06:19:03",B329E,MU5156,10698.48,926,167,117.52224,35.797668
1687414758,"2023-06-22 06:19:18",B329E,MU5156,10698.48,922.296,167,117.53191,35.76441
1687414773,"2023-06-22 06:19:33",B329E,MU5156,10698.48,920.444,167,117.54169,35.73102
1687414788,"2023-06-22 06:19:48",B329E,MU5156,10698.48,920.444,166,117.551432,35.697513
1687414803,"2023-06-22 06:20:03",B329E,MU5156,10698.48,920.444,166,117.561425,35.66325
1687414818,"2023-06-22 06:20:18",B329E,MU5156,10698.48,922.296,166,117.57105,35.63008
1687414829,"2023-06-22 06:20:29",B329E,MU5156,10698.48,922.296,166,117.5778,35.60678
1687414843,"2023-06-22 06:20:43",B329E,MU5156,10698.48,922.296,167,117.58749,35.5734
1687414858,"2023-06-22 06:20:58",B329E,MU5156,10698.48,922.296,166,117.59719,35.53998
1687414873,"2023-06-22 06:21:13",B329E,MU5156,10698.48,926,166,117.60683,35.5067
1687414888,"2023-06-22 06:21:28",B329E,MU5156,10698.48,924.148,166,117.6166,35.47289
1687414903,"2023-06-22 06:21:43",B329E,MU5156,10698.48,926,166,117.62647,35.43887
1687414918,"2023-06-22 06:21:58",B329E,MU5156,10698.48,926,166,117.63628,35.40484
1687414934,"2023-06-22 06:22:14",B329E,MU5156,10698.48,926,167,117.64601,35.37112
1687414948,"2023-06-22 06:22:28",B329E,MU5156,10698.48,929.704,167,117.65586,35.33701
1687414963,"2023-06-22 06:22:43",B329E,MU5156,10698.48,926,167,117.66546,35.30383
1687414978,"2023-06-22 06:22:58",B329E,MU5156,10698.48,922.296,166,117.67542,35.26945
1687414993,"2023-06-22 06:23:13",B329E,MU5156,10698.48,918.592,166,117.68503,35.23613
1687415004,"2023-06-22 06:23:24",B329E,MU5156,10698.48,918.592,166,117.69184,35.21239
1687415018,"2023-06-22 06:23:38",B329E,MU5156,10698.48,914.888,166,117.70151,35.17864
1687415033,"2023-06-22 06:23:53",B329E,MU5156,10698.48,914.888,167,117.711697,35.143355
1687415048,"2023-06-22 06:24:08",B329E,MU5156,10698.48,916.74,167,117.72075,35.11176
1687415063,"2023-06-22 06:24:23",B329E,MU5156,10698.48,916.74,166,117.73089,35.07623
1687415078,"2023-06-22 06:24:38",B329E,MU5156,10698.48,918.592,167,117.740707,35.042104
1687415093,"2023-06-22 06:24:53",B329E,MU5156,10698.48,918.592,166,117.75164,35.00384
1687415108,"2023-06-22 06:25:08",B329E,MU5156,10698.48,916.74,166,117.76136,34.96985
1687415124,"2023-06-22 06:25:24",B329E,MU5156,10698.48,916.74,166,117.77052,34.93771
1687415138,"2023-06-22 06:25:38",B329E,MU5156,10698.48,914.888,166,117.7803,34.90366
1687415153,"2023-06-22 06:25:53",B329E,MU5156,10698.48,911.184,168,117.78964,34.86992
1687415168,"2023-06-22 06:26:08",B329E,MU5156,10698.48,888.96,179,117.79378,34.83563
1687415183,"2023-06-22 06:26:23",B329E,MU5156,10698.48,881.552,183,117.79205,34.80341
1687415198,"2023-06-22 06:26:38",B329E,MU5156,10698.48,888.96,180,117.79015,34.77084
1687415213,"2023-06-22 06:26:53",B329E,MU5156,10698.48,907.48,171,117.79352,34.737
1687415228,"2023-06-22 06:27:08",B329E,MU5156,10698.48,920.444,165,117.80193,34.70404
1687415243,"2023-06-22 06:27:23",B329E,MU5156,10698.48,926,163,117.81049,34.67899
1687415258,"2023-06-22 06:27:38",B329E,MU5156,10698.48,926,162,117.82328,34.64501
1687415273,"2023-06-22 06:27:53",B329E,MU5156,10706.1,924.148,162,117.83566,34.61307
1687415288,"2023-06-22 06:28:08",B329E,MU5156,10698.48,922.296,162,117.84828,34.5797
1687415303,"2023-06-22 06:28:23",B329E,MU5156,10698.48,918.592,163,117.86053,34.5466
1687415318,"2023-06-22 06:28:38",B329E,MU5156,10706.1,913.036,163,117.87259,34.51341
1687415333,"2023-06-22 06:28:53",B329E,MU5156,10698.48,911.184,163,117.88525,34.47812
1687415348,"2023-06-22 06:29:08",B329E,MU5156,10698.48,909.332,163,117.89692,34.44535
1687415363,"2023-06-22 06:29:23",B329E,MU5156,10698.48,905.628,163,117.9083,34.41348
1687415374,"2023-06-22 06:29:34",B329E,MU5156,10698.48,907.48,163,117.91586,34.39228
1687415388,"2023-06-22 06:29:48",B329E,MU5156,10698.48,909.332,163,117.92765,34.35923
1687415403,"2023-06-22 06:30:03",B329E,MU5156,10698.48,911.184,163,117.93943,34.3259
1687415418,"2023-06-22 06:30:18",B329E,MU5156,10698.48,911.184,163,117.95082,34.29392
1687415433,"2023-06-22 06:30:33",B329E,MU5156,10698.48,913.036,163,117.96278,34.26054
1687415448,"2023-06-22 06:30:48",B329E,MU5156,10698.48,913.036,163,117.97422,34.22865
1687415463,"2023-06-22 06:31:03",B329E,MU5156,10698.48,914.888,163,117.98641,34.19518
1687415478,"2023-06-22 06:31:18",B329E,MU5156,10698.48,918.592,163,117.99831,34.16273
1687415494,"2023-06-22 06:31:34",B329E,MU5156,10698.48,922.296,163,118.01037,34.12981
1687415508,"2023-06-22 06:31:48",B329E,MU5156,10698.48,920.444,163,118.02287,34.09579
1687415523,"2023-06-22 06:32:03",B329E,MU5156,10698.48,920.444,163,118.03493,34.06283
1687415538,"2023-06-22 06:32:18",B329E,MU5156,10698.48,922.296,163,118.04689,34.03001
1687415549,"2023-06-22 06:32:29",B329E,MU5156,10698.48,924.148,163,118.05485,34.00809
1687415563,"2023-06-22 06:32:43",B329E,MU5156,10698.48,924.148,163,118.06698,33.97461
1687415578,"2023-06-22 06:32:58",B329E,MU5156,10698.48,924.148,163,118.07881,33.94203
1687415593,"2023-06-22 06:33:13",B329E,MU5156,10698.48,926,162,118.09141,33.90753
1687415608,"2023-06-22 06:33:28",B329E,MU5156,10698.48,933.408,160,118.10398,33.87579
1687415619,"2023-06-22 06:33:39",B329E,MU5156,10698.48,937.112,158,118.11516,33.85116
1687415633,"2023-06-22 06:33:53",B329E,MU5156,10698.48,937.112,155,118.13195,33.81876
1687415648,"2023-06-22 06:34:08",B329E,MU5156,10706.1,926,152,118.15,33.78799
1687415663,"2023-06-22 06:34:23",B329E,MU5156,10698.48,918.592,150,118.17147,33.75531
1687415678,"2023-06-22 06:34:38",B329E,MU5156,10629.9,922.296,148,118.1926,33.7261
1687415693,"2023-06-22 06:34:53",B329E,MU5156,10523.22,929.704,145,118.21631,33.69612
1687415708,"2023-06-22 06:35:08",B329E,MU5156,10408.92,933.408,145,118.24024,33.66751
1687415723,"2023-06-22 06:35:23",B329E,MU5156,10294.62,933.408,145,118.26351,33.63963
1687415738,"2023-06-22 06:35:38",B329E,MU5156,10180.32,937.112,145,118.28728,33.61086
1687415753,"2023-06-22 06:35:53",B329E,MU5156,10104.12,940.816,145,118.31098,33.58205
1687415768,"2023-06-22 06:36:08",B329E,MU5156,10088.88,938.964,145,118.33477,33.55327
1687415779,"2023-06-22 06:36:19",B329E,MU5156,10088.88,940.816,145,118.35099,33.53362
1687415793,"2023-06-22 06:36:33",B329E,MU5156,10088.88,935.26,145,118.37528,33.5043
1687415808,"2023-06-22 06:36:48",B329E,MU5156,10088.88,937.112,145,118.39899,33.47567
1687415823,"2023-06-22 06:37:03",B329E,MU5156,10088.88,933.408,145,118.42275,33.4469
1687415834,"2023-06-22 06:37:14",B329E,MU5156,10088.88,933.408,145,118.44035,33.42558
1687415848,"2023-06-22 06:37:28",B329E,MU5156,10058.4,929.704,145,118.45926,33.40274
1687415863,"2023-06-22 06:37:43",B329E,MU5156,9921.24,922.296,145,118.4834,33.37349
1687415878,"2023-06-22 06:37:58",B329E,MU5156,9685.02,926,145,118.50818,33.34337
1687415893,"2023-06-22 06:38:13",B329E,MU5156,9525,938.964,145,118.53446,33.31129
1687415908,"2023-06-22 06:38:28",B329E,MU5156,9486.9,938.964,145,118.55286,33.2888
1687415923,"2023-06-22 06:38:43",B329E,MU5156,9479.28,935.26,145,118.57729,33.25915
1687415934,"2023-06-22 06:38:54",B329E,MU5156,9479.28,931.556,145,118.59478,33.23795
1687415948,"2023-06-22 06:39:08",B329E,MU5156,9479.28,933.408,145,118.61882,33.20878
1687415963,"2023-06-22 06:39:23",B329E,MU5156,9441.18,929.704,145,118.64443,33.17761
1687415978,"2023-06-22 06:39:38",B329E,MU5156,9304.02,920.444,145,118.67042,33.14612
1687415993,"2023-06-22 06:39:53",B329E,MU5156,9144,914.888,145,118.69239,33.11966
1687416008,"2023-06-22 06:40:08",B329E,MU5156,8976.36,907.48,145,118.71619,33.09115
1687416023,"2023-06-22 06:40:23",B329E,MU5156,8892.54,903.776,145,118.73939,33.06321
1687416039,"2023-06-22 06:40:39",B329E,MU5156,8869.68,903.776,144,118.76209,33.03589
1687416053,"2023-06-22 06:40:53",B329E,MU5156,8862.06,900.072,145,118.78524,33.0081
1687416068,"2023-06-22 06:41:08",B329E,MU5156,8785.86,887.108,145,118.80923,32.97917
1687416083,"2023-06-22 06:41:23",B329E,MU5156,8663.94,877.848,145,118.83076,32.95307
1687416094,"2023-06-22 06:41:34",B329E,MU5156,8564.88,870.44,145,118.8455,32.93506
1687416108,"2023-06-22 06:41:48",B329E,MU5156,8420.1,863.032,145,118.86724,32.90868
1687416123,"2023-06-22 06:42:03",B329E,MU5156,8313.42,848.216,145,118.88911,32.88222
1687416139,"2023-06-22 06:42:19",B329E,MU5156,8183.88,840.808,145,118.9117,32.85494
1687416153,"2023-06-22 06:42:33",B329E,MU5156,8100.06,837.104,145,118.9321,32.83027
1687416173,"2023-06-22 06:42:53",B329E,MU5156,8023.86,822.288,145,118.95447,32.80321
1687416188,"2023-06-22 06:43:08",B329E,MU5156,7924.8,807.472,144,118.97551,32.77803
1687416203,"2023-06-22 06:43:23",B329E,MU5156,7772.4,805.62,145,118.99578,32.75354
1687416218,"2023-06-22 06:43:38",B329E,MU5156,7581.9,801.916,145,119.01929,32.72525
1687416233,"2023-06-22 06:43:53",B329E,MU5156,7429.5,796.36,144,119.0395,32.70085
1687416248,"2023-06-22 06:44:08",B329E,MU5156,7292.34,787.1,145,119.06041,32.67562
1687416263,"2023-06-22 06:44:23",B329E,MU5156,7155.18,781.544,145,119.0796,32.65242
1687416278,"2023-06-22 06:44:38",B329E,MU5156,7018.02,774.136,145,119.09987,32.62786
1687416293,"2023-06-22 06:44:53",B329E,MU5156,6911.34,770.432,144,119.12069,32.60275
1687416308,"2023-06-22 06:45:08",B329E,MU5156,6888.48,772.284,144,119.14017,32.5793
1687416323,"2023-06-22 06:45:23",B329E,MU5156,6873.24,801.916,144,119.16035,32.55496
1687416338,"2023-06-22 06:45:38",B329E,MU5156,6751.32,811.176,145,119.18161,32.52924
1687416349,"2023-06-22 06:45:49",B329E,MU5156,6637.02,807.472,145,119.19577,32.51208
1687416363,"2023-06-22 06:46:03",B329E,MU5156,6469.38,807.472,145,119.21556,32.48797
1687416383,"2023-06-22 06:46:23",B329E,MU5156,6339.84,792.656,145,119.23786,32.46085
1687416398,"2023-06-22 06:46:38",B329E,MU5156,6316.98,775.988,145,119.25816,32.43616
1687416409,"2023-06-22 06:46:49",B329E,MU5156,6309.36,774.136,145,119.27089,32.42075
1687416423,"2023-06-22 06:47:03",B329E,MU5156,6309.36,777.84,145,119.29039,32.3971
1687416439,"2023-06-22 06:47:19",B329E,MU5156,6309.36,779.692,145,119.31051,32.37266
1687416453,"2023-06-22 06:47:33",B329E,MU5156,6309.36,779.692,145,119.3303,32.34859
1687416468,"2023-06-22 06:47:48",B329E,MU5156,6309.36,781.544,145,119.35009,32.32443
1687416483,"2023-06-22 06:48:03",B329E,MU5156,6309.36,785.248,145,119.37184,32.29788
1687416498,"2023-06-22 06:48:18",B329E,MU5156,6309.36,787.1,145,119.39271,32.27238
1687416513,"2023-06-22 06:48:33",B329E,MU5156,6309.36,785.248,145,119.41253,32.24818
1687416529,"2023-06-22 06:48:49",B329E,MU5156,6309.36,783.396,143,119.43204,32.22467
1687416543,"2023-06-22 06:49:03",B329E,MU5156,6309.36,785.248,140,119.45413,32.20097
1687416558,"2023-06-22 06:49:18",B329E,MU5156,6309.36,777.84,139,119.47659,32.17896
1687416572,"2023-06-22 06:49:32",B329E,MU5156,6294.12,746.356,138,119.49862,32.15762
1687416587,"2023-06-22 06:49:47",B329E,MU5156,6225.54,727.836,139,119.52004,32.13652
1687416602,"2023-06-22 06:50:02",B329E,MU5156,6103.62,718.576,140,119.54108,32.11546
1687416617,"2023-06-22 06:50:17",B329E,MU5156,5966.46,714.872,140,119.56047,32.09573
1687416632,"2023-06-22 06:50:32",B329E,MU5156,5836.92,707.464,140,119.58108,32.07458
1687416648,"2023-06-22 06:50:48",B329E,MU5156,5722.62,707.464,140,119.60101,32.05417
1687416662,"2023-06-22 06:51:02",B329E,MU5156,5699.76,705.612,140,119.62244,32.0321
1687416677,"2023-06-22 06:51:17",B329E,MU5156,5699.76,705.612,140,119.63677,32.01727
1687416692,"2023-06-22 06:51:32",B329E,MU5156,5699.76,705.612,140,119.65897,31.99443
1687416707,"2023-06-22 06:51:47",B329E,MU5156,5699.76,703.76,140,119.67889,31.97385
1687416722,"2023-06-22 06:52:02",B329E,MU5156,5699.76,703.76,139,119.69819,31.95396
1687416733,"2023-06-22 06:52:13",B329E,MU5156,5699.76,701.908,133,119.71224,31.94107
1687416747,"2023-06-22 06:52:27",B329E,MU5156,5692.14,675.98,122,119.73752,31.92508
1687416762,"2023-06-22 06:52:42",B329E,MU5156,5661.66,655.608,122,119.76207,31.91179
1687416778,"2023-06-22 06:52:58",B329E,MU5156,5623.56,635.236,123,119.78635,31.89816
1687416792,"2023-06-22 06:53:12",B329E,MU5156,5562.6,618.568,124,119.80989,31.88456
1687416807,"2023-06-22 06:53:27",B329E,MU5156,5463.54,614.864,124,119.83255,31.87148
1687416818,"2023-06-22 06:53:38",B329E,MU5156,5387.34,614.864,124,119.8475,31.86282
1687416832,"2023-06-22 06:53:52",B329E,MU5156,5265.42,613.012,124,119.87023,31.84969
1687416848,"2023-06-22 06:54:08",B329E,MU5156,5151.12,609.308,124,119.89226,31.83696
1687416863,"2023-06-22 06:54:23",B329E,MU5156,5044.44,607.456,124,119.91448,31.82409
1687416877,"2023-06-22 06:54:37",B329E,MU5156,4937.76,605.604,124,119.93645,31.81147
1687416892,"2023-06-22 06:54:52",B329E,MU5156,4853.94,596.344,124,119.95845,31.79878
1687416907,"2023-06-22 06:55:07",B329E,MU5156,4762.5,588.936,123,119.98023,31.78624
1687416922,"2023-06-22 06:55:22",B329E,MU5156,4648.2,588.936,124,120.00103,31.77425
1687416937,"2023-06-22 06:55:37",B329E,MU5156,4541.52,587.084,124,120.02283,31.76157
1687416951,"2023-06-22 06:55:51",B329E,MU5156,4518.66,581.528,123,120.04411,31.74925
1687416966,"2023-06-22 06:56:06",B329E,MU5156,4511.04,581.528,123,120.06527,31.73703
1687416981,"2023-06-22 06:56:21",B329E,MU5156,4511.04,585.232,124,120.08649,31.724808
1687416997,"2023-06-22 06:56:37",B329E,MU5156,4511.04,585.232,124,120.10755,31.71259
1687417011,"2023-06-22 06:56:51",B329E,MU5156,4511.04,583.38,124,120.12924,31.70003
1687417022,"2023-06-22 06:57:02",B329E,MU5156,4511.04,585.232,124,120.14331,31.69189
1687417036,"2023-06-22 06:57:16",B329E,MU5156,4511.04,585.232,124,120.16434,31.67968
1687417047,"2023-06-22 06:57:27",B329E,MU5156,4511.04,585.232,124,120.17847,31.67148
1687417061,"2023-06-22 06:57:41",B329E,MU5156,4511.04,585.232,124,120.20021,31.65883
1687417076,"2023-06-22 06:57:56",B329E,MU5156,4511.04,585.232,124,120.22097,31.64682
1687417092,"2023-06-22 06:58:12",B329E,MU5156,4511.04,585.232,124,120.24278,31.63412
1687417106,"2023-06-22 06:58:26",B329E,MU5156,4511.04,587.084,124,120.26376,31.62191
1687417121,"2023-06-22 06:58:41",B329E,MU5156,4511.04,585.232,124,120.28532,31.60941
1687417136,"2023-06-22 06:58:56",B329E,MU5156,4503.42,585.232,124,120.30606,31.59732
1687417151,"2023-06-22 06:59:11",B329E,MU5156,4396.74,583.38,113,120.32857,31.58629
1687417162,"2023-06-22 06:59:22",B329E,MU5156,4312.92,581.528,108,120.34484,31.58132
1687417176,"2023-06-22 06:59:36",B329E,MU5156,4198.62,579.676,108,120.36869,31.5748
1687417191,"2023-06-22 06:59:51",B329E,MU5156,4107.18,575.972,109,120.392633,31.56791
1687417206,"2023-06-22 07:00:06",B329E,MU5156,4008.12,570.416,109,120.4168,31.56069
1687417221,"2023-06-22 07:00:21",B329E,MU5156,3909.06,566.712,109,120.44004,31.55376
1687417236,"2023-06-22 07:00:36",B329E,MU5156,3810,561.156,109,120.46355,31.546729
1687417251,"2023-06-22 07:00:51",B329E,MU5156,3680.46,566.712,109,120.48646,31.53984
1687417266,"2023-06-22 07:01:06",B329E,MU5156,3604.26,566.712,109,120.51049,31.53264
1687417281,"2023-06-22 07:01:21",B329E,MU5156,3596.64,566.712,109,120.53331,31.52573
1687417296,"2023-06-22 07:01:36",B329E,MU5156,3596.64,566.712,109,120.55737,31.51857
1687417307,"2023-06-22 07:01:47",B329E,MU5156,3596.64,566.712,109,120.57248,31.514
1687417321,"2023-06-22 07:02:01",B329E,MU5156,3596.64,566.712,109,120.596547,31.506821
1687417336,"2023-06-22 07:02:16",B329E,MU5156,3581.4,564.86,109,120.61934,31.50004
1687417351,"2023-06-22 07:02:31",B329E,MU5156,3474.72,563.008,109,120.642957,31.493008
1687417362,"2023-06-22 07:02:42",B329E,MU5156,3406.14,563.008,109,120.65894,31.48821
1687417376,"2023-06-22 07:02:56",B329E,MU5156,3291.84,559.304,109,120.682123,31.481277
1687417391,"2023-06-22 07:03:11",B329E,MU5156,3200.4,553.748,110,120.70485,31.47441
1687417407,"2023-06-22 07:03:27",B329E,MU5156,3108.96,548.192,109,120.727952,31.467407
1687417421,"2023-06-22 07:03:41",B329E,MU5156,3002.28,548.192,109,120.74987,31.46077
1687417436,"2023-06-22 07:03:56",B329E,MU5156,2895.6,544.488,109,120.77243,31.454
1687417451,"2023-06-22 07:04:11",B329E,MU5156,2796.54,540.784,109,120.795539,31.447083
1687417466,"2023-06-22 07:04:26",B329E,MU5156,2712.72,533.376,109,120.81719,31.44054
1687417481,"2023-06-22 07:04:41",B329E,MU5156,2621.28,527.82,109,120.839431,31.433853
1687417496,"2023-06-22 07:04:56",B329E,MU5156,2506.98,529.672,109,120.86109,31.427369
1687417507,"2023-06-22 07:05:07",B329E,MU5156,2446.02,525.968,110,120.87565,31.42295
1687417521,"2023-06-22 07:05:21",B329E,MU5156,2369.82,516.708,109,120.89808,31.41623
1687417541,"2023-06-22 07:05:41",B329E,MU5156,2263.14,513.004,109,120.92037,31.40955
1687417556,"2023-06-22 07:05:56",B329E,MU5156,2179.32,511.152,109,120.943817,31.402464
1687417571,"2023-06-22 07:06:11",B329E,MU5156,2156.46,507.448,110,120.96351,31.39641
1687417586,"2023-06-22 07:06:26",B329E,MU5156,2156.46,513.004,129,120.98309,31.3871
1687417597,"2023-06-22 07:06:37",B329E,MU5156,2156.46,516.708,133,120.99437,31.378418
1687417611,"2023-06-22 07:06:51",B329E,MU5156,2156.46,518.56,132,121.0116,31.36476
1687417626,"2023-06-22 07:07:06",B329E,MU5156,2156.46,514.856,131,121.02819,31.35223
1687417641,"2023-06-22 07:07:21",B329E,MU5156,2156.46,513.004,130,121.04489,31.3399
1687417656,"2023-06-22 07:07:36",B329E,MU5156,2156.46,514.856,130,121.06208,31.32724
1687417671,"2023-06-22 07:07:51",B329E,MU5156,2156.46,513.004,130,121.079191,31.31456
1687417686,"2023-06-22 07:08:06",B329E,MU5156,2156.46,513.004,130,121.098065,31.300514
1687417701,"2023-06-22 07:08:21",B329E,MU5156,2156.46,513.004,131,121.114628,31.288147
1687417716,"2023-06-22 07:08:36",B329E,MU5156,2156.46,513.004,131,121.13229,31.27491
1687417731,"2023-06-22 07:08:51",B329E,MU5156,2156.46,513.004,131,121.14954,31.26197
1687417746,"2023-06-22 07:09:06",B329E,MU5156,2156.46,513.004,131,121.166274,31.24942
1687417761,"2023-06-22 07:09:21",B329E,MU5156,2156.46,509.3,131,121.18302,31.23688
1687417775,"2023-06-22 07:09:35",B329E,MU5156,2156.46,509.3,131,121.19993,31.22415
1687417790,"2023-06-22 07:09:50",B329E,MU5156,2156.46,511.152,136,121.216663,31.211367
1687417801,"2023-06-22 07:10:01",B329E,MU5156,2156.46,518.56,153,121.225507,31.201079
1687417815,"2023-06-22 07:10:15",B329E,MU5156,2156.46,525.968,179,121.23001,31.18181
1687417830,"2023-06-22 07:10:30",B329E,MU5156,2148.84,488.928,181,121.22963,31.16291
1687417846,"2023-06-22 07:10:46",B329E,MU5156,2141.22,448.184,179,121.22985,31.14536
1687417860,"2023-06-22 07:11:00",B329E,MU5156,2118.36,422.256,178,121.23029,31.12902
1687417875,"2023-06-22 07:11:15",B329E,MU5156,2095.5,405.588,177,121.23095,31.11342
1687417890,"2023-06-22 07:11:30",B329E,MU5156,2065.02,383.364,178,121.23165,31.09882
1687417905,"2023-06-22 07:11:45",B329E,MU5156,2004.06,377.808,178,121.23219,31.08458
1687417921,"2023-06-22 07:12:01",B329E,MU5156,1920.24,377.808,178,121.23262,31.07043
1687417935,"2023-06-22 07:12:15",B329E,MU5156,1844.04,372.252,177,121.23322,31.05606
1687417950,"2023-06-22 07:12:30",B329E,MU5156,1767.84,368.548,177,121.233911,31.042336
1687417966,"2023-06-22 07:12:46",B329E,MU5156,1684.02,366.696,177,121.23474,31.02856
1687417980,"2023-06-22 07:13:00",B329E,MU5156,1600.2,366.696,176,121.23569,31.01472
1687417995,"2023-06-22 07:13:15",B329E,MU5156,1554.48,362.992,175,121.23677,31.00104
1687418010,"2023-06-22 07:13:30",B329E,MU5156,1546.86,355.584,162,121.238978,30.98703
1687418025,"2023-06-22 07:13:45",B329E,MU5156,1478.28,348.176,126,121.24759,30.97687
1687418040,"2023-06-22 07:14:00",B329E,MU5156,1371.6,344.472,94,121.2588,30.97344
1687418055,"2023-06-22 07:14:15",B329E,MU5156,1211.58,350.028,66,121.27451,30.97656
1687418070,"2023-06-22 07:14:30",B329E,MU5156,1043.94,355.584,63,121.28922,30.98273
1687418085,"2023-06-22 07:14:45",B329E,MU5156,914.4,355.584,54,121.30323,30.98914
1687418100,"2023-06-22 07:15:00",B329E,MU5156,815.34,353.732,28,121.31287,30.99911
1687418115,"2023-06-22 07:15:15",B329E,MU5156,739.14,351.88,23,121.31981,31.01207
1687418130,"2023-06-22 07:15:30",B329E,MU5156,693.42,351.88,24,121.32427,31.02064
1687418145,"2023-06-22 07:15:45",B329E,MU5156,609.6,344.472,24,121.33136,31.03424
1687418160,"2023-06-22 07:16:00",B329E,MU5156,601.98,340.768,22,121.33796,31.047
1687418175,"2023-06-22 07:16:15",B329E,MU5156,594.36,312.988,8,121.34207,31.05942
1687418190,"2023-06-22 07:16:30",B329E,MU5156,594.36,283.356,0,121.34281,31.07076
1687418205,"2023-06-22 07:16:45",B329E,MU5156,594.36,268.54,359,121.34251,31.07897
1687418221,"2023-06-22 07:17:01",B329E,MU5156,594.36,246.316,358,121.34216,31.08865
1687418240,"2023-06-22 07:17:20",B329E,MU5156,533.4,240.76,358,121.34163,31.10011
1687418255,"2023-06-22 07:17:35",B329E,MU5156,464.82,235.204,357,121.341032,31.111679
1687418270,"2023-06-22 07:17:50",B329E,MU5156,426.72,237.056,358,121.34064,31.11873
1687418285,"2023-06-22 07:18:05",B329E,MU5156,381,235.204,357,121.34017,31.12766
1687418299,"2023-06-22 07:18:19",B329E,MU5156,327.66,235.204,357,121.33963,31.13686
1687418310,"2023-06-22 07:18:30",B329E,MU5156,297.18,238.908,358,121.33925,31.14359
1687418324,"2023-06-22 07:18:44",B329E,MU5156,236.22,237.056,358,121.33883,31.15243
1687418335,"2023-06-22 07:18:55",B329E,MU5156,205.74,240.76,357,121.3385,31.15855
1687418350,"2023-06-22 07:19:10",B329E,MU5156,167.64,244.464,357,121.33807,31.16588
1687418364,"2023-06-22 07:19:24",B329E,MU5156,114.3,240.76,358,121.33759,31.17572
1687418405,"2023-06-22 07:20:05",B329E,MU5156,0,118.528,357,121.33637,31.19813
1687418428,"2023-06-22 07:20:28",B329E,MU5156,0,61.116,348,121.336,31.20219
1687418446,"2023-06-22 07:20:46",B329E,MU5156,0,40.744,326,121.33454,31.20459
1687418528,"2023-06-22 07:22:08",B329E,MU5156,38.1,7.408,349,121.333668,31.2117
1687418715,"2023-06-22 07:25:15",B329E,MU5156,0,25.928,177,121.33032,31.20377
1687418946,"2023-06-22 07:29:06",B329E,MU5156,0,14.816,343,121.32836,31.20204
1687418970,"2023-06-22 07:29:30",B329E,MU5156,38.1,5.556,320,121.328161,31.202991
