Time,"UTC TIME",Anum,Fnum,Height,Speed,Angle,Longitude,Latitude
1719529700,"2024-06-27 23:08:20",B1468,TV6260,0,24.076,247,116.60885620117,40.063213348389
1719529708,"2024-06-27 23:08:28",B1468,TV6260,0,25.928,247,116.60829162598,40.06315612793
1719529713,"2024-06-27 23:08:33",B1468,TV6260,0,29.632,247,116.60777282715,40.063110351562
1719529721,"2024-06-27 23:08:41",B1468,TV6260,0,29.632,270,116.60687255859,40.06303024292
1719529725,"2024-06-27 23:08:45",B1468,TV6260,0,33.336,270,116.60635375977,40.062984466553
1719529731,"2024-06-27 23:08:51",B1468,TV6260,0,31.484,270,116.60546875,40.062900543213
1719529736,"2024-06-27 23:08:56",B1468,TV6260,0,24.076,270,116.60507202148,40.062870025635
1719529742,"2024-06-27 23:09:02",B1468,TV6260,0,24.076,270,116.60461425781,40.06282043457
1719529747,"2024-06-27 23:09:07",B1468,TV6260,0,24.076,270,116.60425567627,40.062786102295
1719529756,"2024-06-27 23:09:16",B1468,TV6260,0,22.224,270,116.60372161865,40.062740325928
1719529761,"2024-06-27 23:09:21",B1468,TV6260,0,22.224,270,116.60336303711,40.062705993652
1719529767,"2024-06-27 23:09:27",B1468,TV6260,0,22.224,270,116.60289764404,40.062671661377
1719529771,"2024-06-27 23:09:31",B1468,TV6260,0,22.224,270,116.60247039795,40.062622070312
1719529777,"2024-06-27 23:09:37",B1468,TV6260,0,22.224,270,116.60209655762,40.062595367432
1719529782,"2024-06-27 23:09:42",B1468,TV6260,0,16.668,270,116.60172271729,40.062553405762
1719529796,"2024-06-27 23:09:56",B1468,TV6260,0,18.52,199,116.60145568848,40.062065124512
1719529801,"2024-06-27 23:10:01",B1468,TV6260,0,18.52,185,116.60150146484,40.061828613281
1719529817,"2024-06-27 23:10:17",B1468,TV6260,0,22.224,185,116.60162353516,40.061027526855
1719529820,"2024-06-27 23:10:20",B1468,TV6260,0,24.076,185,116.60166931152,40.060775756836
1719529831,"2024-06-27 23:10:31",B1468,TV6260,0,25.928,185,116.60174560547,40.060237884521
1719529843,"2024-06-27 23:10:43",B1468,TV6260,0,29.632,180,116.60188293457,40.059364318848
1719529954,"2024-06-27 23:12:34",B1468,TV6260,0,5.5559998,180,116.60211181641,40.05786895752
1719529979,"2024-06-27 23:12:59",B1468,TV6260,0,12.964,180,116.6021270752,40.057285308838
1719529993,"2024-06-27 23:13:13",B1468,TV6260,0,11.112,261,116.60159301758,40.057159423828
1719529995,"2024-06-27 23:13:15",B1468,TV6260,0,3.704,261,116.60148620605,40.057151794434
1719530001,"2024-06-27 23:13:21",B1468,TV6260,0,0,261,116.60144042969,40.057147979736
1719530017,"2024-06-27 23:13:37",B1468,TV6260,0,0,261,116.60144042969,40.057147979736
1719530022,"2024-06-27 23:13:42",B1468,TV6260,0,0,261,116.60144042969,40.057147979736
1719530027,"2024-06-27 23:13:47",B1468,TV6260,0,0,261,116.60144042969,40.057147979736
1719530041,"2024-06-27 23:14:01",B1468,TV6260,0,7.408,261,116.60127258301,40.05712890625
1719530050,"2024-06-27 23:14:10",B1468,TV6260,0,12.964,261,116.60101318359,40.057113647461
1719530053,"2024-06-27 23:14:13",B1468,TV6260,0,14.816,261,116.60076904297,40.057083129883
1719530090,"2024-06-27 23:14:50",B1468,TV6260,0,11.112,261,116.59979248047,40.057655334473
1719530103,"2024-06-27 23:15:03",B1468,TV6260,0,25.928,261,116.59970855713,40.058132171631
1719530134,"2024-06-27 23:15:34",B1468,TV6260,114.3,203.72,353,116.59846496582,40.066020965576
1719530149,"2024-06-27 23:15:49",B1468,TV6260,114.3,294.468,353,116.59664916992,40.0774269104
1719530164,"2024-06-27 23:16:04",B1468,TV6260,220.98,322.248,354,116.59490203857,40.089618682861
1719530180,"2024-06-27 23:16:20",B1468,TV6260,358.14,329.656,352,116.59290313721,40.101879119873
1719530195,"2024-06-27 23:16:35",B1468,TV6260,502.92,335.212,351,116.59066009521,40.113784790039
1719530209,"2024-06-27 23:16:49",B1468,TV6260,662.94,333.36,352,116.58809661865,40.126541137695
1719530224,"2024-06-27 23:17:04",B1468,TV6260,822.96,350.028,351,116.58554077148,40.138740539551
1719530238,"2024-06-27 23:17:18",B1468,TV6260,1021.08,351.88,353,116.58306884766,40.152099609375
1719530249,"2024-06-27 23:17:29",B1468,TV6260,1143,357.436,353,116.58155059814,40.160800933838
1719530263,"2024-06-27 23:17:43",B1468,TV6260,1257.3,394.476,352,116.57904052734,40.174758911133
1719530278,"2024-06-27 23:17:58",B1468,TV6260,1333.5,444.48,352,116.57611846924,40.190498352051
1719530293,"2024-06-27 23:18:13",B1468,TV6260,1424.94,494.484,352,116.57280731201,40.208240509033
1719530308,"2024-06-27 23:18:28",B1468,TV6260,1554.48,529.672,352,116.56934356689,40.2275390625
1719530323,"2024-06-27 23:18:43",B1468,TV6260,1767.84,540.784,352,116.56568908691,40.247573852539
1719530338,"2024-06-27 23:18:58",B1468,TV6260,2011.68,546.34,352,116.56207275391,40.267364501953
1719530353,"2024-06-27 23:19:13",B1468,TV6260,2232.66,531.524,352,116.55813598633,40.288402557373
1719530364,"2024-06-27 23:19:24",B1468,TV6260,2354.58,520.412,341,116.55426025391,40.299961090088
1719530378,"2024-06-27 23:19:38",B1468,TV6260,2590.8,511.152,316,116.54052734375,40.316101074219
1719530395,"2024-06-27 23:19:55",B1468,TV6260,2796.54,514.856,289,116.51923370361,40.325820922852
1719530408,"2024-06-27 23:20:08",B1468,TV6260,3002.28,524.116,274,116.49403381348,40.328762054443
1719530423,"2024-06-27 23:20:23",B1468,TV6260,3169.92,538.932,273,116.46783447266,40.329666137695
1719530434,"2024-06-27 23:20:34",B1468,TV6260,3230.88,561.156,273,116.45012664795,40.330310821533
1719530449,"2024-06-27 23:20:49",B1468,TV6260,3429,564.86,274,116.42241668701,40.331359863281
1719530463,"2024-06-27 23:21:03",B1468,TV6260,3672.84,563.008,273,116.39410400391,40.332458496094
1719530478,"2024-06-27 23:21:18",B1468,TV6260,3878.58,566.712,272,116.36639404297,40.333190917969
1719530494,"2024-06-27 23:21:34",B1468,TV6260,4069.08,574.12,271,116.33843994141,40.333694458008
1719530508,"2024-06-27 23:21:48",B1468,TV6260,4251.96,581.528,271,116.31107330322,40.334018707275
1719530523,"2024-06-27 23:22:03",B1468,TV6260,4396.74,598.196,270,116.28217315674,40.33406829834
1719530538,"2024-06-27 23:22:18",B1468,TV6260,4572,607.456,270,116.25238037109,40.334060668945
1719530553,"2024-06-27 23:22:33",B1468,TV6260,4762.5,613.012,270,116.22204589844,40.334060668945
1719530568,"2024-06-27 23:22:48",B1468,TV6260,4945.38,618.568,271,116.19203186035,40.334255218506
1719530579,"2024-06-27 23:22:59",B1468,TV6260,5067.3,624.124,271,116.17174530029,40.334396362305
1719530594,"2024-06-27 23:23:14",B1468,TV6260,5234.94,629.68,271,116.14038085938,40.334701538086
1719530608,"2024-06-27 23:23:28",B1468,TV6260,5402.58,637.088,272,116.11016845703,40.335205078125
1719530623,"2024-06-27 23:23:43",B1468,TV6260,5539.74,651.904,272,116.07760620117,40.336071014404
1719530638,"2024-06-27 23:23:58",B1468,TV6260,5707.38,653.756,272,116.04571533203,40.33708190918
1719530649,"2024-06-27 23:24:09",B1468,TV6260,5829.3,657.46,272,116.02536010742,40.337699890137
1719530663,"2024-06-27 23:24:23",B1468,TV6260,5951.22,675.98,267,115.99234008789,40.337791442871
1719530679,"2024-06-27 23:24:39",B1468,TV6260,5996.94,696.352,255,115.95869445801,40.333602905273
1719530703,"2024-06-27 23:25:03",B1468,TV6260,6004.56,733.392,233,115.91443634033,40.316520690918
1719530718,"2024-06-27 23:25:18",B1468,TV6260,6004.56,777.84,215,115.89038085938,40.296798706055
1719530733,"2024-06-27 23:25:33",B1468,TV6260,6004.56,796.36,213,115.86846923828,40.271438598633
1719530749,"2024-06-27 23:25:49",B1468,TV6260,5996.94,803.768,213,115.84777832031,40.24686050415
1719530763,"2024-06-27 23:26:03",B1468,TV6260,5996.94,818.584,212,115.82642364502,40.220989227295
1719530778,"2024-06-27 23:26:18",B1468,TV6260,5996.94,827.844,212,115.80506896973,40.194778442383
1719530793,"2024-06-27 23:26:33",B1468,TV6260,5996.94,837.104,212,115.78341674805,40.168296813965
1719530809,"2024-06-27 23:26:49",B1468,TV6260,5996.94,846.364,212,115.76150512695,40.141529083252
1719530823,"2024-06-27 23:27:03",B1468,TV6260,6004.56,850.068,213,115.73950195312,40.114841461182
1719530834,"2024-06-27 23:27:14",B1468,TV6260,6057.9,851.92,213,115.72436523438,40.096527099609
1719530848,"2024-06-27 23:27:28",B1468,TV6260,6210.3,851.92,212,115.70188903809,40.069328308105
1719530859,"2024-06-27 23:27:39",B1468,TV6260,6324.6,853.772,213,115.68676757812,40.051208496094
1719530874,"2024-06-27 23:27:54",B1468,TV6260,6530.34,848.216,213,115.66309356689,40.022960662842
1719530889,"2024-06-27 23:28:09",B1468,TV6260,6743.7,838.956,212,115.64128112793,39.996379852295
1719530904,"2024-06-27 23:28:24",B1468,TV6260,6957.06,829.696,213,115.61938476562,39.969772338867
1719530918,"2024-06-27 23:28:38",B1468,TV6260,7185.66,820.436,213,115.59808349609,39.944049835205
1719530933,"2024-06-27 23:28:53",B1468,TV6260,7391.4,811.176,213,115.57634735107,39.917659759521
1719530948,"2024-06-27 23:29:08",B1468,TV6260,7620,807.472,212,115.55523681641,39.892101287842
1719530963,"2024-06-27 23:29:23",B1468,TV6260,7772.4,811.176,212,115.53425598145,39.866683959961
1719530978,"2024-06-27 23:29:38",B1468,TV6260,7993.38,805.62,212,115.5135345459,39.841415405273
1719530993,"2024-06-27 23:29:53",B1468,TV6260,8176.26,803.768,213,115.49150848389,39.814544677734
1719531008,"2024-06-27 23:30:08",B1468,TV6260,8397.24,796.36,215,115.47108459473,39.790512084961
1719531019,"2024-06-27 23:30:19",B1468,TV6260,8534.4,787.1,223,115.45349121094,39.77437210083
1719531033,"2024-06-27 23:30:33",B1468,TV6260,8679.18,785.248,232,115.42700195312,39.756076812744
1719531048,"2024-06-27 23:30:48",B1468,TV6260,8831.58,781.544,242,115.39453125,39.740154266357
1719531063,"2024-06-27 23:31:03",B1468,TV6260,8961.12,787.1,243,115.36108398438,39.727073669434
1719531078,"2024-06-27 23:31:18",B1468,TV6260,9083.04,792.656,243,115.32640838623,39.713241577148
1719531093,"2024-06-27 23:31:33",B1468,TV6260,9189.72,798.212,243,115.29089355469,39.699188232422
1719531104,"2024-06-27 23:31:44",B1468,TV6260,9273.54,800.064,243,115.26922607422,39.690670013428
1719531118,"2024-06-27 23:31:58",B1468,TV6260,9387.84,807.472,243,115.23338317871,39.676391601562
1719531129,"2024-06-27 23:32:09",B1468,TV6260,9448.8,813.028,243,115.21147155762,39.66764831543
1719531143,"2024-06-27 23:32:23",B1468,TV6260,9555.48,818.584,243,115.17481231689,39.653045654297
1719531158,"2024-06-27 23:32:38",B1468,TV6260,9654.54,827.844,243,115.13689422607,39.638031005859
1719531169,"2024-06-27 23:32:49",B1468,TV6260,9723.12,831.548,243,115.1142578125,39.629035949707
1719531183,"2024-06-27 23:33:03",B1468,TV6260,9837.42,837.104,243,115.07855987549,39.614868164062
1719531194,"2024-06-27 23:33:14",B1468,TV6260,9913.62,838.956,243,115.05383300781,39.604969024658
1719531209,"2024-06-27 23:33:29",B1468,TV6260,10027.92,840.808,242,115.01629638672,39.589931488037
1719531223,"2024-06-27 23:33:43",B1468,TV6260,10149.84,842.66,243,114.97938537598,39.575042724609
1719531234,"2024-06-27 23:33:54",B1468,TV6260,10226.04,844.512,243,114.95404052734,39.564838409424
1719531248,"2024-06-27 23:34:08",B1468,TV6260,10332.72,848.216,242,114.91961669922,39.551013946533
1719531261,"2024-06-27 23:34:21",B1468,TV6260,10401.3,848.216,242,114.89294433594,39.540214538574
1719531273,"2024-06-27 23:34:33",B1468,TV6260,10500.36,851.92,242,114.85710144043,39.525695800781
1719531288,"2024-06-27 23:34:48",B1468,TV6260,10599.42,855.624,243,114.82086181641,39.511138916016
1719531303,"2024-06-27 23:35:03",B1468,TV6260,10683.24,863.032,240,114.78350830078,39.495571136475
1719531318,"2024-06-27 23:35:18",B1468,TV6260,10805.16,866.736,232,114.74987792969,39.477832794189
1719531333,"2024-06-27 23:35:33",B1468,TV6260,10934.7,866.736,226,114.71826171875,39.456558227539
1719531345,"2024-06-27 23:35:45",B1468,TV6260,11018.52,868.588,221,114.6989364624,39.44059753418
1719531358,"2024-06-27 23:35:58",B1468,TV6260,11109.96,872.292,217,114.67266845703,39.414596557617
1719531369,"2024-06-27 23:36:09",B1468,TV6260,11163.3,872.292,218,114.65660095215,39.398345947266
1719531383,"2024-06-27 23:36:23",B1468,TV6260,11254.74,875.996,218,114.62979125977,39.371383666992
1719531398,"2024-06-27 23:36:38",B1468,TV6260,11330.94,877.848,217,114.60507965088,39.346343994141
1719531413,"2024-06-27 23:36:53",B1468,TV6260,11414.76,877.848,217,114.57879638672,39.319694519043
1719531424,"2024-06-27 23:37:04",B1468,TV6260,11483.34,877.848,217,114.56184387207,39.302444458008
1719531438,"2024-06-27 23:37:18",B1468,TV6260,11590.02,875.996,218,114.53414154053,39.27424621582
1719531449,"2024-06-27 23:37:29",B1468,TV6260,11612.88,881.552,217,114.51700592041,39.256805419922
1719531463,"2024-06-27 23:37:43",B1468,TV6260,11612.88,888.96,217,114.49096679688,39.230224609375
1719531474,"2024-06-27 23:37:54",B1468,TV6260,11612.88,892.664,217,114.47326660156,39.212158203125
1719531489,"2024-06-27 23:38:09",B1468,TV6260,11612.88,892.664,217,114.4482421875,39.186603546143
1719531501,"2024-06-27 23:38:21",B1468,TV6260,11605.26,888.96,217,114.43114471436,39.169052124023
1719531513,"2024-06-27 23:38:33",B1468,TV6260,11605.26,887.108,217,114.40509033203,39.142379760742
1719531528,"2024-06-27 23:38:48",B1468,TV6260,11612.88,885.256,217,114.37829589844,39.11491394043
1719531543,"2024-06-27 23:39:03",B1468,TV6260,11612.88,885.256,217,114.3525390625,39.088516235352
1719531554,"2024-06-27 23:39:14",B1468,TV6260,11612.88,885.256,217,114.33662414551,39.072189331055
1719531568,"2024-06-27 23:39:28",B1468,TV6260,11612.88,881.552,217,114.30999755859,39.044723510742
1719531584,"2024-06-27 23:39:44",B1468,TV6260,11612.88,883.404,217,114.28504180908,39.019088745117
1719531598,"2024-06-27 23:39:58",B1468,TV6260,11605.26,879.7,217,114.25830078125,38.991504669189
1719531612,"2024-06-27 23:40:12",B1468,TV6260,11612.88,881.552,217,114.2424697876,38.975234985352
1719531623,"2024-06-27 23:40:23",B1468,TV6260,11612.88,881.552,217,114.21625518799,38.948272705078
1719531638,"2024-06-27 23:40:38",B1468,TV6260,11605.26,879.7,217,114.19769287109,38.929168701172
1719531653,"2024-06-27 23:40:53",B1468,TV6260,11612.88,879.7,217,114.17308807373,38.903732299805
1719531664,"2024-06-27 23:41:04",B1468,TV6260,11612.88,877.848,217,114.15563964844,38.885734558105
1719531679,"2024-06-27 23:41:19",B1468,TV6260,11605.26,879.7,217,114.12951660156,38.858734130859
1719531694,"2024-06-27 23:41:34",B1468,TV6260,11612.88,879.7,217,114.10388183594,38.832321166992
1719531708,"2024-06-27 23:41:48",B1468,TV6260,11605.26,877.848,217,114.07934570312,38.806968688965
1719531720,"2024-06-27 23:42:00",B1468,TV6260,11605.26,877.848,217,114.06170654297,38.788768768311
1719531733,"2024-06-27 23:42:13",B1468,TV6260,11612.88,875.996,217,114.0372467041,38.763381958008
1719531750,"2024-06-27 23:42:30",B1468,TV6260,11605.26,877.848,217,114.0119934082,38.737106323242
1719531763,"2024-06-27 23:42:43",B1468,TV6260,11612.88,881.552,217,113.98614501953,38.710235595703
1719531778,"2024-06-27 23:42:58",B1468,TV6260,11612.88,888.96,212,113.95538330078,38.675971984863
1719531793,"2024-06-27 23:43:13",B1468,TV6260,11612.88,900.072,205,113.93580627441,38.646926879883
1719531805,"2024-06-27 23:43:25",B1468,TV6260,11612.88,905.628,201,113.92481994629,38.626098632812
1719531819,"2024-06-27 23:43:39",B1468,TV6260,11612.88,913.036,195,113.91174316406,38.592880249023
1719531834,"2024-06-27 23:43:54",B1468,TV6260,11605.26,911.184,195,113.90058135986,38.560592651367
1719531848,"2024-06-27 23:44:08",B1468,TV6260,11605.26,905.628,196,113.88885498047,38.527145385742
1719531864,"2024-06-27 23:44:24",B1468,TV6260,11605.26,901.924,196,113.87738037109,38.49446105957
1719531878,"2024-06-27 23:44:38",B1468,TV6260,11605.26,900.072,195,113.86624908447,38.462539672852
1719531894,"2024-06-27 23:44:54",B1468,TV6260,11612.88,898.22,196,113.85473632812,38.429801940918
1719531908,"2024-06-27 23:45:08",B1468,TV6260,11612.88,894.516,197,113.84313964844,38.396984100342
1719531923,"2024-06-27 23:45:23",B1468,TV6260,11605.26,881.552,211,113.82543182373,38.365676879883
1719531939,"2024-06-27 23:45:39",B1468,TV6260,11605.26,868.588,224,113.80146026611,38.341449737549
1719531955,"2024-06-27 23:45:55",B1468,TV6260,11605.26,857.476,238,113.76957702637,38.321201324463
1719531968,"2024-06-27 23:46:08",B1468,TV6260,11605.26,853.772,245,113.73339080811,38.306671142578
1719531983,"2024-06-27 23:46:23",B1468,TV6260,11605.26,853.772,245,113.69458770752,38.291931152344
1719531999,"2024-06-27 23:46:39",B1468,TV6260,11612.88,855.624,244,113.65965270996,38.278602600098
1719532014,"2024-06-27 23:46:54",B1468,TV6260,11612.88,855.624,245,113.62149810791,38.26411819458
1719532028,"2024-06-27 23:47:08",B1468,TV6260,11612.88,857.476,245,113.58595275879,38.250732421875
1719532039,"2024-06-27 23:47:19",B1468,TV6260,11612.88,857.476,244,113.56172943115,38.241588592529
1719532053,"2024-06-27 23:47:33",B1468,TV6260,11612.88,857.476,245,113.52542877197,38.22785949707
1719532068,"2024-06-27 23:47:48",B1468,TV6260,11612.88,859.328,245,113.4884185791,38.213790893555
1719532079,"2024-06-27 23:47:59",B1468,TV6260,11605.26,859.328,244,113.47316741943,38.208023071289
1719532094,"2024-06-27 23:48:14",B1468,TV6260,11612.88,859.328,244,113.43634796143,38.194019317627
1719532105,"2024-06-27 23:48:25",B1468,TV6260,11612.88,861.18,245,113.41133880615,38.184490203857
1719532118,"2024-06-27 23:48:38",B1468,TV6260,11605.26,861.18,244,113.37400054932,38.170261383057
1719532130,"2024-06-27 23:48:50",B1468,TV6260,11605.26,861.18,245,113.35108184814,38.161617279053
1719532144,"2024-06-27 23:49:04",B1468,TV6260,11605.26,861.18,245,113.31281280518,38.1474609375
1719532158,"2024-06-27 23:49:18",B1468,TV6260,11605.26,859.328,245,113.27581787109,38.133731842041
1719532169,"2024-06-27 23:49:29",B1468,TV6260,11605.26,859.328,245,113.25244140625,38.124980926514
1719532183,"2024-06-27 23:49:43",B1468,TV6260,11612.88,859.328,245,113.2155380249,38.111198425293
1719532198,"2024-06-27 23:49:58",B1468,TV6260,11612.88,859.328,245,113.17840576172,38.097290039062
1719532214,"2024-06-27 23:50:14",B1468,TV6260,11605.26,859.328,245,113.14106750488,38.083282470703
1719532228,"2024-06-27 23:50:28",B1468,TV6260,11612.88,857.476,245,113.10472106934,38.069728851318
1719532243,"2024-06-27 23:50:43",B1468,TV6260,11612.88,859.328,245,113.06723022461,38.055660247803
1719532254,"2024-06-27 23:50:54",B1468,TV6260,11605.26,857.476,245,113.04295349121,38.046569824219
1719532268,"2024-06-27 23:51:08",B1468,TV6260,11612.88,857.476,245,113.00644683838,38.032852172852
1719532279,"2024-06-27 23:51:19",B1468,TV6260,11605.26,859.328,245,112.97972106934,38.022811889648
1719532293,"2024-06-27 23:51:33",B1468,TV6260,11612.88,859.328,245,112.94248962402,38.008804321289
1719532308,"2024-06-27 23:51:48",B1468,TV6260,11612.88,857.476,244,112.90602111816,37.995010375977
1719532323,"2024-06-27 23:52:03",B1468,TV6260,11605.26,855.624,245,112.8677520752,37.98046875
1719532340,"2024-06-27 23:52:20",B1468,TV6260,11612.88,855.624,245,112.82877349854,37.965679168701
1719532354,"2024-06-27 23:52:34",B1468,TV6260,11612.88,855.624,244,112.79149627686,37.951568603516
1719532368,"2024-06-27 23:52:48",B1468,TV6260,11612.88,855.624,244,112.75373840332,37.937301635742
1719532384,"2024-06-27 23:53:04",B1468,TV6260,11605.26,855.624,244,112.71820831299,37.923797607422
1719532399,"2024-06-27 23:53:19",B1468,TV6260,11612.88,855.624,244,112.68168640137,37.909927368164
1719532413,"2024-06-27 23:53:33",B1468,TV6260,11605.26,855.624,245,112.64515686035,37.896060943604
1719532428,"2024-06-27 23:53:48",B1468,TV6260,11605.26,857.476,244,112.60868835449,37.882099151611
1719532439,"2024-06-27 23:53:59",B1468,TV6260,11605.26,857.476,244,112.58519744873,37.872901916504
1719532454,"2024-06-27 23:54:14",B1468,TV6260,11612.88,859.328,243,112.54705047607,37.857540130615
1719532468,"2024-06-27 23:54:28",B1468,TV6260,11612.88,859.328,242,112.50884246826,37.841339111328
1719532479,"2024-06-27 23:54:39",B1468,TV6260,11605.26,857.476,242,112.48661804199,37.831878662109
1719532493,"2024-06-27 23:54:53",B1468,TV6260,11605.26,857.476,242,112.45020294189,37.816291809082
1719532508,"2024-06-27 23:55:08",B1468,TV6260,11612.88,857.476,242,112.4245300293,37.805309295654
1719532520,"2024-06-27 23:55:20",B1468,TV6260,11605.26,857.476,242,112.40054321289,37.794979095459
1719532533,"2024-06-27 23:55:33",B1468,TV6260,11612.88,855.624,243,112.36483001709,37.779922485352
1719532548,"2024-06-27 23:55:48",B1468,TV6260,11612.88,855.624,244,112.32656097412,37.764080047607
1719532563,"2024-06-27 23:56:03",B1468,TV6260,11612.88,855.624,245,112.29000854492,37.749858856201
1719532578,"2024-06-27 23:56:18",B1468,TV6260,11612.88,855.624,245,112.25351715088,37.735988616943
1719532593,"2024-06-27 23:56:33",B1468,TV6260,11612.88,855.624,245,112.21758270264,37.722347259521
1719532608,"2024-06-27 23:56:48",B1468,TV6260,11605.26,853.772,245,112.17864990234,37.707733154297
1719532619,"2024-06-27 23:56:59",B1468,TV6260,11612.88,853.772,245,112.15463256836,37.698623657227
1719532634,"2024-06-27 23:57:14",B1468,TV6260,11612.88,851.92,245,112.11620330811,37.683990478516
1719532648,"2024-06-27 23:57:28",B1468,TV6260,11612.88,848.216,245,112.07884216309,37.669738769531
1719532663,"2024-06-27 23:57:43",B1468,TV6260,11605.26,848.216,245,112.04225921631,37.655776977539
1719532678,"2024-06-27 23:57:58",B1468,TV6260,11612.88,848.216,244,112.00479888916,37.641361236572
1719532693,"2024-06-27 23:58:13",B1468,TV6260,11605.26,846.364,245,111.96926879883,37.627670288086
1719532708,"2024-06-27 23:58:28",B1468,TV6260,11605.26,848.216,245,111.93306732178,37.613788604736
1719532719,"2024-06-27 23:58:39",B1468,TV6260,11612.88,848.216,244,111.90907287598,37.604530334473
1719532733,"2024-06-27 23:58:53",B1468,TV6260,11605.26,848.216,244,111.8729019165,37.590450286865
1719532748,"2024-06-27 23:59:08",B1468,TV6260,11605.26,850.068,244,111.83772277832,37.576728820801
1719532768,"2024-06-27 23:59:28",B1468,TV6260,11605.26,848.216,244,111.7986907959,37.561519622803
1719532784,"2024-06-27 23:59:44",B1468,TV6260,11605.26,848.216,244,111.76302337646,37.547691345215
1719532798,"2024-06-27 23:59:58",B1468,TV6260,11612.88,846.364,244,111.72576141357,37.53316116333
1719532813,"2024-06-28 00:00:13",B1468,TV6260,11612.88,846.364,244,111.69094848633,37.519519805908
1719532824,"2024-06-28 00:00:24",B1468,TV6260,11605.26,844.512,244,111.6667098999,37.510021209717
1719532840,"2024-06-28 00:00:40",B1468,TV6260,11605.26,842.66,244,111.62892150879,37.495239257812
1719532852,"2024-06-28 00:00:52",B1468,TV6260,11612.88,842.66,244,111.60587310791,37.486240386963
1719532864,"2024-06-28 00:01:04",B1468,TV6260,11605.26,840.808,244,111.57028198242,37.472320556641
1719532875,"2024-06-28 00:01:15",B1468,TV6260,11612.88,838.956,244,111.54734802246,37.463329315186
1719532889,"2024-06-28 00:01:29",B1468,TV6260,11612.88,838.956,244,111.51135253906,37.449329376221
1719532903,"2024-06-28 00:01:43",B1468,TV6260,11612.88,838.956,244,111.47592926025,37.435359954834
1719532914,"2024-06-28 00:01:54",B1468,TV6260,11605.26,838.956,244,111.45259857178,37.426139831543
1719532929,"2024-06-28 00:02:09",B1468,TV6260,11612.88,838.956,244,111.41931152344,37.413120269775
1719532940,"2024-06-28 00:02:20",B1468,TV6260,11605.26,838.956,244,111.39283752441,37.402770996094
1719532955,"2024-06-28 00:02:35",B1468,TV6260,11605.26,838.956,244,111.357421875,37.388851165771
1719532966,"2024-06-28 00:02:46",B1468,TV6260,11612.88,842.66,244,111.33408355713,37.379581451416
1719532979,"2024-06-28 00:02:59",B1468,TV6260,11605.26,840.808,244,111.29840087891,37.365459442139
1719532991,"2024-06-28 00:03:11",B1468,TV6260,11605.26,840.808,244,111.27359008789,37.35570526123
1719533005,"2024-06-28 00:03:25",B1468,TV6260,11605.26,837.104,244,111.23989868164,37.342441558838
1719533018,"2024-06-28 00:03:38",B1468,TV6260,11605.26,838.956,244,111.20343017578,37.328048706055
1719533029,"2024-06-28 00:03:49",B1468,TV6260,11605.26,838.956,244,111.1803894043,37.318969726562
1719533043,"2024-06-28 00:04:03",B1468,TV6260,11605.26,838.956,244,111.14515686035,37.305011749268
1719533059,"2024-06-28 00:04:19",B1468,TV6260,11612.88,838.956,244,111.1099319458,37.291000366211
1719533070,"2024-06-28 00:04:30",B1468,TV6260,11612.88,837.104,244,111.08693695068,37.281871795654
1719533084,"2024-06-28 00:04:44",B1468,TV6260,11605.26,837.104,244,111.05055999756,37.26741027832
1719533100,"2024-06-28 00:05:00",B1468,TV6260,11612.88,838.956,244,111.01928710938,37.25500869751
1719533113,"2024-06-28 00:05:13",B1468,TV6260,11612.88,838.956,244,110.97962188721,37.239208221436
1719533130,"2024-06-28 00:05:30",B1468,TV6260,11605.26,838.956,244,110.94064331055,37.223690032959
1719533142,"2024-06-28 00:05:42",B1468,TV6260,11605.26,838.956,244,110.91694641113,37.214179992676
1719533154,"2024-06-28 00:05:54",B1468,TV6260,11605.26,838.956,244,110.88973236084,37.203338623047
1719533166,"2024-06-28 00:06:06",B1468,TV6260,11612.88,840.808,244,110.86572265625,37.193748474121
1719533182,"2024-06-28 00:06:22",B1468,TV6260,11612.88,842.66,244,110.83113098145,37.179889678955
1719533194,"2024-06-28 00:06:34",B1468,TV6260,11612.88,842.66,244,110.796043396,37.165771484375
1719533209,"2024-06-28 00:06:49",B1468,TV6260,11612.88,842.66,244,110.76075744629,37.15161895752
1719533223,"2024-06-28 00:07:03",B1468,TV6260,11605.26,840.808,244,110.72541046143,37.137470245361
1719533234,"2024-06-28 00:07:14",B1468,TV6260,11612.88,840.808,244,110.70121765137,37.127750396729
1719533246,"2024-06-28 00:07:26",B1468,TV6260,11605.26,838.956,244,110.67726135254,37.118179321289
1719533260,"2024-06-28 00:07:40",B1468,TV6260,11612.88,838.956,244,110.64073944092,37.103439331055
1719533273,"2024-06-28 00:07:53",B1468,TV6260,11612.88,837.104,243,110.60626220703,37.089389801025
1719533289,"2024-06-28 00:08:09",B1468,TV6260,11605.26,838.956,243,110.57106018066,37.074951171875
1719533303,"2024-06-28 00:08:23",B1468,TV6260,11612.88,838.956,243,110.54711914062,37.065120697021
1719533318,"2024-06-28 00:08:38",B1468,TV6260,11605.26,838.956,243,110.49598693848,37.04407119751
1719533330,"2024-06-28 00:08:50",B1468,TV6260,11612.88,838.956,243,110.47338104248,37.034770965576
1719533343,"2024-06-28 00:09:03",B1468,TV6260,11612.88,838.956,243,110.43865966797,37.020580291748
1719533359,"2024-06-28 00:09:19",B1468,TV6260,11612.88,840.808,243,110.40059661865,37.004978179932
1719533373,"2024-06-28 00:09:33",B1468,TV6260,11605.26,840.808,243,110.36506652832,36.990409851074
1719533390,"2024-06-28 00:09:50",B1468,TV6260,11605.26,840.808,243,110.32913208008,36.975601196289
1719533408,"2024-06-28 00:10:08",B1468,TV6260,11612.88,842.66,243,110.2933807373,36.960941314697
1719533421,"2024-06-28 00:10:21",B1468,TV6260,11605.26,840.808,243,110.26959991455,36.951099395752
1719533433,"2024-06-28 00:10:33",B1468,TV6260,11612.88,838.956,243,110.24540710449,36.941120147705
1719533446,"2024-06-28 00:10:46",B1468,TV6260,11612.88,838.956,243,110.21209716797,36.927421569824
1719533460,"2024-06-28 00:11:00",B1468,TV6260,11605.26,838.956,243,110.17610168457,36.912460327148
1719533472,"2024-06-28 00:11:12",B1468,TV6260,11612.88,838.956,243,110.15149688721,36.902248382568
1719533483,"2024-06-28 00:11:23",B1468,TV6260,11612.88,840.808,243,110.126121521,36.891761779785
1719533498,"2024-06-28 00:11:38",B1468,TV6260,11605.26,840.808,243,110.07733917236,36.871509552002
1719533512,"2024-06-28 00:11:52",B1468,TV6260,11605.26,840.808,243,110.05332183838,36.861511230469
1719533523,"2024-06-28 00:12:03",B1468,TV6260,11612.88,842.66,243,110.01540374756,36.845718383789
1719533540,"2024-06-28 00:12:20",B1468,TV6260,11612.88,840.808,243,109.99120330811,36.835670471191
1719533555,"2024-06-28 00:12:35",B1468,TV6260,11605.26,840.808,243,109.95630645752,36.821140289307
1719533571,"2024-06-28 00:12:51",B1468,TV6260,11605.26,842.66,243,109.919090271,36.805690765381
1719533584,"2024-06-28 00:13:04",B1468,TV6260,11612.88,844.512,243,109.87905883789,36.78902053833
1719533596,"2024-06-28 00:13:16",B1468,TV6260,11612.88,844.512,243,109.85527801514,36.77906036377
1719533610,"2024-06-28 00:13:30",B1468,TV6260,11612.88,844.512,243,109.8307800293,36.768810272217
1719533624,"2024-06-28 00:13:44",B1468,TV6260,11612.88,846.364,243,109.79530334473,36.753978729248
1719533640,"2024-06-28 00:14:00",B1468,TV6260,11605.26,837.104,243,109.76080322266,36.739608764648
1719533652,"2024-06-28 00:14:12",B1468,TV6260,11605.26,848.216,243,109.71672058105,36.721099853516
1719533663,"2024-06-28 00:14:23",B1468,TV6260,11612.88,848.216,243,109.69521331787,36.712120056152
1719533678,"2024-06-28 00:14:38",B1468,TV6260,11612.88,848.216,242,109.65740203857,36.696151733398
1719533689,"2024-06-28 00:14:49",B1468,TV6260,11612.88,851.92,242,109.63356018066,36.686096191406
1719533704,"2024-06-28 00:15:04",B1468,TV6260,11612.88,851.92,242,109.59777832031,36.670989990234
1719533715,"2024-06-28 00:15:15",B1468,TV6260,11605.26,850.068,242,109.57465362549,36.661235809326
1719533727,"2024-06-28 00:15:27",B1468,TV6260,11605.26,846.364,242,109.54038238525,36.646865844727
1719533740,"2024-06-28 00:15:40",B1468,TV6260,11612.88,846.364,242,109.51760864258,36.63720703125
1719533752,"2024-06-28 00:15:52",B1468,TV6260,11612.88,842.66,243,109.48297119141,36.62260055542
1719533764,"2024-06-28 00:16:04",B1468,TV6260,11605.26,844.512,242,109.45977020264,36.612823486328
1719533778,"2024-06-28 00:16:18",B1468,TV6260,11605.26,846.364,242,109.42499542236,36.598110198975
1719533793,"2024-06-28 00:16:33",B1468,TV6260,11612.88,846.364,243,109.39888000488,36.58708190918
1719533806,"2024-06-28 00:16:46",B1468,TV6260,11612.88,848.216,243,109.36351776123,36.572040557861
1719533817,"2024-06-28 00:16:57",B1468,TV6260,11605.26,846.364,243,109.34107971191,36.562686920166
1719533831,"2024-06-28 00:17:11",B1468,TV6260,11605.26,844.512,243,109.30458068848,36.547302246094
1719533845,"2024-06-28 00:17:25",B1468,TV6260,11605.26,840.808,242,109.2713394165,36.533157348633
1719533860,"2024-06-28 00:17:40",B1468,TV6260,11605.26,840.808,236,109.2375869751,36.517623901367
1719533876,"2024-06-28 00:17:56",B1468,TV6260,11612.88,844.512,219,109.20696258545,36.494018554688
1719533891,"2024-06-28 00:18:11",B1468,TV6260,11605.26,851.92,205,109.18633270264,36.465812683105
1719533905,"2024-06-28 00:18:25",B1468,TV6260,11612.88,859.328,188,109.17575836182,36.434108734131
1719533916,"2024-06-28 00:18:36",B1468,TV6260,11612.88,863.032,183,109.17377471924,36.412445068359
1719533930,"2024-06-28 00:18:50",B1468,TV6260,11605.26,863.032,183,109.17219543457,36.388160705566
1719533944,"2024-06-28 00:19:04",B1468,TV6260,11605.26,861.18,183,109.17032623291,36.356784820557
1719533961,"2024-06-28 00:19:21",B1468,TV6260,11605.26,861.18,183,109.16851043701,36.324897766113
1719533977,"2024-06-28 00:19:37",B1468,TV6260,11605.26,863.032,183,109.1665802002,36.291706085205
1719533991,"2024-06-28 00:19:51",B1468,TV6260,11612.88,866.736,182,109.16484832764,36.259552001953
1719534004,"2024-06-28 00:20:04",B1468,TV6260,11605.26,866.736,183,109.16307067871,36.227508544922
1719534018,"2024-06-28 00:20:18",B1468,TV6260,11612.88,870.44,183,109.16191101074,36.206050872803
1719534031,"2024-06-28 00:20:31",B1468,TV6260,11612.88,872.292,183,109.15991973877,36.173416137695
1719534044,"2024-06-28 00:20:44",B1468,TV6260,11605.26,874.144,183,109.15787506104,36.139850616455
1719534055,"2024-06-28 00:20:55",B1468,TV6260,11612.88,874.144,183,109.15649414062,36.118286132812
1719534069,"2024-06-28 00:21:09",B1468,TV6260,11605.26,875.996,183,109.15437316895,36.083572387695
1719534081,"2024-06-28 00:21:21",B1468,TV6260,11605.26,874.144,183,109.15306091309,36.061569213867
1719534095,"2024-06-28 00:21:35",B1468,TV6260,11612.88,874.144,183,109.15103912354,36.02864074707
1719534109,"2024-06-28 00:21:49",B1468,TV6260,11612.88,872.292,183,109.14910888672,35.995960235596
1719534120,"2024-06-28 00:22:00",B1468,TV6260,11612.88,870.44,183,109.1477355957,35.974456787109
1719534135,"2024-06-28 00:22:15",B1468,TV6260,11605.26,870.44,183,109.1457824707,35.942096710205
1719534150,"2024-06-28 00:22:30",B1468,TV6260,11612.88,872.292,183,109.14379119873,35.909683227539
1719534163,"2024-06-28 00:22:43",B1468,TV6260,11605.26,870.44,186,109.14116668701,35.876461029053
1719534176,"2024-06-28 00:22:56",B1468,TV6260,11605.26,868.588,189,109.13761138916,35.855575561523
1719534189,"2024-06-28 00:23:09",B1468,TV6260,11612.88,866.736,194,109.12937164307,35.823348999023
1719534203,"2024-06-28 00:23:23",B1468,TV6260,11612.88,864.884,198,109.1184463501,35.792587280273
1719534218,"2024-06-28 00:23:38",B1468,TV6260,11605.26,864.884,198,109.10581207275,35.761569976807
1719534229,"2024-06-28 00:23:49",B1468,TV6260,11605.26,866.736,198,109.09757232666,35.740993499756
1719534242,"2024-06-28 00:24:02",B1468,TV6260,11612.88,866.736,198,109.08494567871,35.70970916748
1719534258,"2024-06-28 00:24:18",B1468,TV6260,11605.26,866.736,198,109.07290649414,35.679637908936
1719534269,"2024-06-28 00:24:29",B1468,TV6260,11612.88,868.588,198,109.06466674805,35.659015655518
1719534288,"2024-06-28 00:24:48",B1468,TV6260,11612.88,870.44,198,109.05204772949,35.627590179443
1719534300,"2024-06-28 00:25:00",B1468,TV6260,11612.88,872.292,198,109.0397644043,35.596710205078
1719534311,"2024-06-28 00:25:11",B1468,TV6260,11612.88,874.144,198,109.03159332275,35.576152801514
1719534322,"2024-06-28 00:25:22",B1468,TV6260,11605.26,874.144,198,109.01893615723,35.544342041016
1719534337,"2024-06-28 00:25:37",B1468,TV6260,11605.26,874.144,198,109.00646209717,35.512981414795
1719534348,"2024-06-28 00:25:48",B1468,TV6260,11605.26,874.144,198,108.99834442139,35.49259185791
1719534362,"2024-06-28 00:26:02",B1468,TV6260,11605.26,875.996,198,108.98600769043,35.461818695068
1719534377,"2024-06-28 00:26:17",B1468,TV6260,11612.88,877.848,198,108.97362518311,35.430534362793
1719534389,"2024-06-28 00:26:29",B1468,TV6260,11612.88,881.552,198,108.96503448486,35.408981323242
1719534402,"2024-06-28 00:26:42",B1468,TV6260,11612.88,879.7,198,108.95272827148,35.378036499023
1719534419,"2024-06-28 00:26:59",B1468,TV6260,11612.88,879.7,198,108.94335174561,35.354377746582
1719534432,"2024-06-28 00:27:12",B1468,TV6260,11605.26,879.7,198,108.93098449707,35.323196411133
1719534447,"2024-06-28 00:27:27",B1468,TV6260,11605.26,881.552,198,108.91869354248,35.292041778564
1719534473,"2024-06-28 00:27:53",B1468,TV6260,11605.26,881.552,198,108.89554595947,35.233432769775
1719534489,"2024-06-28 00:28:09",B1468,TV6260,11612.88,881.552,199,108.88252258301,35.202198028564
1719534510,"2024-06-28 00:28:30",B1468,TV6260,11605.26,866.736,194,108.85929107666,35.166259765625
1719534522,"2024-06-28 00:28:42",B1468,TV6260,11612.88,846.364,220,108.83285522461,35.137348175049
1719534535,"2024-06-28 00:28:55",B1468,TV6260,11605.26,846.364,219,108.81156921387,35.117332458496
1719534546,"2024-06-28 00:29:06",B1468,TV6260,11612.88,851.92,216,108.79643249512,35.100860595703
1719534560,"2024-06-28 00:29:20",B1468,TV6260,11612.88,863.032,210,108.77763366699,35.076366424561
1719534577,"2024-06-28 00:29:37",B1468,TV6260,11612.88,874.144,203,108.75803375244,35.043914794922
1719534589,"2024-06-28 00:29:49",B1468,TV6260,11612.88,879.7,200,108.74845123291,35.0237159729
1719534602,"2024-06-28 00:30:02",B1468,TV6260,11605.26,881.552,198,108.73329162598,34.985076904297
1719534613,"2024-06-28 00:30:13",B1468,TV6260,11612.88,885.256,198,108.72631072998,34.967193603516
1719534635,"2024-06-28 00:30:35",B1468,TV6260,11605.26,888.96,198,108.70937347412,34.92395401001
1719534655,"2024-06-28 00:30:55",B1468,TV6260,11612.88,896.368,198,108.69178009033,34.878982543945
1719534667,"2024-06-28 00:31:07",B1468,TV6260,11612.88,898.22,198,108.68151855469,34.852478027344
1719534681,"2024-06-28 00:31:21",B1468,TV6260,11612.88,898.22,198,108.66873931885,34.819564819336
1719534697,"2024-06-28 00:31:37",B1468,TV6260,11605.26,900.072,197,108.65714263916,34.788665771484
1719534712,"2024-06-28 00:31:52",B1468,TV6260,11612.88,900.072,196,108.64545440674,34.75562286377
1719534728,"2024-06-28 00:32:08",B1468,TV6260,11612.88,900.072,195,108.63458251953,34.723129272461
1719534740,"2024-06-28 00:32:20",B1468,TV6260,11612.88,900.072,195,108.62429046631,34.690704345703
1719534756,"2024-06-28 00:32:36",B1468,TV6260,11605.26,900.072,195,108.61403656006,34.65852355957
1719534770,"2024-06-28 00:32:50",B1468,TV6260,11612.88,900.072,195,108.60618591309,34.633758544922
1719534788,"2024-06-28 00:33:08",B1468,TV6260,11605.26,898.22,195,108.59576416016,34.601165771484
1719534799,"2024-06-28 00:33:19",B1468,TV6260,11605.26,900.072,195,108.58499908447,34.567291259766
1719534818,"2024-06-28 00:33:38",B1468,TV6260,11612.88,900.072,195,108.57389831543,34.532501220703
1719534832,"2024-06-28 00:33:52",B1468,TV6260,11612.88,900.072,195,108.5630645752,34.499305725098
1719534847,"2024-06-28 00:34:07",B1468,TV6260,11612.88,901.924,195,108.55178833008,34.464996337891
1719534863,"2024-06-28 00:34:23",B1468,TV6260,11612.88,903.776,195,108.54114532471,34.432315826416
1719534879,"2024-06-28 00:34:39",B1468,TV6260,11612.88,903.776,195,108.53044128418,34.399635314941
1719534893,"2024-06-28 00:34:53",B1468,TV6260,11612.88,905.628,195,108.51946258545,34.365093231201
1719534908,"2024-06-28 00:35:08",B1468,TV6260,11612.88,905.628,195,108.5089263916,34.331390380859
1719534922,"2024-06-28 00:35:22",B1468,TV6260,11612.88,903.776,194,108.49817657471,34.297027587891
1719534935,"2024-06-28 00:35:35",B1468,TV6260,11605.26,903.776,194,108.49119567871,34.274505615234
1719534948,"2024-06-28 00:35:48",B1468,TV6260,11605.26,903.776,194,108.4808883667,34.241264343262
1719534965,"2024-06-28 00:36:05",B1468,TV6260,11612.88,903.776,194,108.47071075439,34.20817565918
1719534976,"2024-06-28 00:36:16",B1468,TV6260,11605.26,907.48,194,108.46321105957,34.183868408203
1719534988,"2024-06-28 00:36:28",B1468,TV6260,11612.88,898.22,197,108.45445251465,34.158004760742
1719535001,"2024-06-28 00:36:41",B1468,TV6260,11605.26,892.664,201,108.44135284424,34.126468658447
1719535012,"2024-06-28 00:36:52",B1468,TV6260,11605.26,888.96,203,108.43173980713,34.10668182373
1719535026,"2024-06-28 00:37:06",B1468,TV6260,11605.26,881.552,206,108.41451263428,34.075866699219
1719535042,"2024-06-28 00:37:22",B1468,TV6260,11605.26,881.552,207,108.39500427246,34.043556213379
1719535058,"2024-06-28 00:37:38",B1468,TV6260,11605.26,885.256,206,108.377784729,34.014694213867
1719535071,"2024-06-28 00:37:51",B1468,TV6260,11612.88,881.552,210,108.35922241211,33.985656738281
1719535086,"2024-06-28 00:38:06",B1468,TV6260,11612.88,875.996,214,108.3377532959,33.956954956055
1719535101,"2024-06-28 00:38:21",B1468,TV6260,11612.88,870.44,217,108.31552124023,33.931274414062
1719535115,"2024-06-28 00:38:35",B1468,TV6260,11612.88,864.884,221,108.29138183594,33.906829833984
1719535128,"2024-06-28 00:38:48",B1468,TV6260,11605.26,866.736,220,108.27362823486,33.889572143555
1719535141,"2024-06-28 00:39:01",B1468,TV6260,11605.26,864.884,220,108.2487411499,33.865173339844
1719535155,"2024-06-28 00:39:15",B1468,TV6260,11612.88,864.884,220,108.22339630127,33.840309143066
1719535166,"2024-06-28 00:39:26",B1468,TV6260,11605.26,864.884,220,108.20726776123,33.824485778809
1719535180,"2024-06-28 00:39:40",B1468,TV6260,11612.88,863.032,220,108.18139648438,33.799160003662
1719535195,"2024-06-28 00:39:55",B1468,TV6260,11605.26,861.18,220,108.15641784668,33.774719238281
1719535210,"2024-06-28 00:40:10",B1468,TV6260,11612.88,863.032,221,108.13144683838,33.7502784729
1719535221,"2024-06-28 00:40:21",B1468,TV6260,11612.88,863.032,221,108.11502838135,33.734218597412
1719535235,"2024-06-28 00:40:35",B1468,TV6260,11605.26,864.884,220,108.09605407715,33.715667724609
1719535246,"2024-06-28 00:40:46",B1468,TV6260,11612.88,863.032,221,108.07962799072,33.699508666992
1719535257,"2024-06-28 00:40:57",B1468,TV6260,11605.26,864.884,220,108.06272125244,33.682872772217
1719535270,"2024-06-28 00:41:10",B1468,TV6260,11605.26,863.032,220,108.03788757324,33.658477783203
1719535285,"2024-06-28 00:41:25",B1468,TV6260,11605.26,866.736,221,108.01253509521,33.633682250977
1719535301,"2024-06-28 00:41:41",B1468,TV6260,11612.88,866.736,220,107.98685455322,33.60848236084
1719535317,"2024-06-28 00:41:57",B1468,TV6260,11605.26,868.588,220,107.96147155762,33.583602905273
1719535332,"2024-06-28 00:42:12",B1468,TV6260,11612.88,870.44,220,107.93678283691,33.559276580811
1719535346,"2024-06-28 00:42:26",B1468,TV6260,11612.88,870.44,220,107.91186523438,33.534740447998
1719535360,"2024-06-28 00:42:40",B1468,TV6260,11605.26,870.44,220,107.88467407227,33.507881164551
1719535375,"2024-06-28 00:42:55",B1468,TV6260,11605.26,870.44,220,107.85849761963,33.481998443604
1719535386,"2024-06-28 00:43:06",B1468,TV6260,11605.26,866.736,220,107.84246826172,33.466125488281
1719535400,"2024-06-28 00:43:20",B1468,TV6260,11612.88,866.736,220,107.81774902344,33.441638946533
1719535415,"2024-06-28 00:43:35",B1468,TV6260,11612.88,864.884,220,107.79309082031,33.41724395752
1719535431,"2024-06-28 00:43:51",B1468,TV6260,11612.88,864.884,220,107.76802825928,33.392524719238
1719535445,"2024-06-28 00:44:05",B1468,TV6260,11612.88,863.032,220,107.7424697876,33.367153167725
1719535457,"2024-06-28 00:44:17",B1468,TV6260,11605.26,861.18,220,107.72621917725,33.351047515869
1719535470,"2024-06-28 00:44:30",B1468,TV6260,11612.88,859.328,221,107.69998168945,33.325119018555
1719535481,"2024-06-28 00:44:41",B1468,TV6260,11612.88,859.328,221,107.68142700195,33.306781768799
1719535501,"2024-06-28 00:45:01",B1468,TV6260,11605.26,859.328,220,107.6517868042,33.277450561523
1719535516,"2024-06-28 00:45:16",B1468,TV6260,11612.88,857.476,220,107.6244354248,33.250259399414
1719535535,"2024-06-28 00:45:35",B1468,TV6260,11612.88,850.068,220,107.59252929688,33.218467712402
1719535549,"2024-06-28 00:45:49",B1468,TV6260,11605.26,846.364,221,107.57350921631,33.199489593506
1719535568,"2024-06-28 00:46:08",B1468,TV6260,11612.88,840.808,221,107.54345703125,33.169509887695
1719535580,"2024-06-28 00:46:20",B1468,TV6260,11612.88,838.956,221,107.52252960205,33.148639678955
1719535619,"2024-06-28 00:46:59",B1468,TV6260,11612.88,837.104,221,107.45693969727,33.083000183105
1719535633,"2024-06-28 00:47:13",B1468,TV6260,11597.64,837.104,221,107.43536376953,33.061389923096
1719535644,"2024-06-28 00:47:24",B1468,TV6260,11529.06,827.844,221,107.41564178467,33.041660308838
1719535656,"2024-06-28 00:47:36",B1468,TV6260,11430,822.288,221,107.39942932129,33.025409698486
1719535672,"2024-06-28 00:47:52",B1468,TV6260,11254.74,820.436,220,107.37526702881,33.001159667969
1719535683,"2024-06-28 00:48:03",B1468,TV6260,11109.96,814.88,220,107.35375213623,32.979511260986
1719535711,"2024-06-28 00:48:31",B1468,TV6260,10774.68,814.88,220,107.31517791748,32.940689086914
1719535730,"2024-06-28 00:48:50",B1468,TV6260,10439.4,824.14,220,107.2790222168,32.904331207275
1719535744,"2024-06-28 00:49:04",B1468,TV6260,10264.14,825.992,221,107.26007080078,32.88537979126
1719535760,"2024-06-28 00:49:20",B1468,TV6260,10104.12,822.288,221,107.23803710938,32.863311767578
1719535774,"2024-06-28 00:49:34",B1468,TV6260,9921.24,824.14,220,107.21663665771,32.84162902832
1719535785,"2024-06-28 00:49:45",B1468,TV6260,9806.94,818.584,221,107.1968536377,32.821788787842
1719535805,"2024-06-28 00:50:05",B1468,TV6260,9768.84,803.768,220,107.16603088379,32.790599822998
1719535826,"2024-06-28 00:50:26",B1468,TV6260,9791.7,805.62,220,107.13652801514,32.760730743408
1719536556,"2024-06-28 01:02:36",B1468,TV6260,7658.1,824.14,239,105.66694641113,31.939210891724
1719536571,"2024-06-28 01:02:51",B1468,TV6260,7452.36,822.288,238,105.63572692871,31.922689437866
1719536585,"2024-06-28 01:03:05",B1468,TV6260,7338.06,813.028,238,105.61083984375,31.909420013428
1719536633,"2024-06-28 01:03:53",B1468,TV6260,6827.52,801.916,238,105.51516723633,31.85631942749
1719536660,"2024-06-28 01:04:20",B1468,TV6260,6454.14,779.692,238,105.46260070801,31.827209472656
1719536676,"2024-06-28 01:04:36",B1468,TV6260,6217.92,779.692,238,105.42974853516,31.809450149536
1719536690,"2024-06-28 01:04:50",B1468,TV6260,6012.18,779.692,238,105.39909362793,31.793014526367
1719536705,"2024-06-28 01:05:05",B1468,TV6260,5867.4,768.58,237,105.37138366699,31.777954101562
1719536718,"2024-06-28 01:05:18",B1468,TV6260,5775.96,761.172,238,105.35311889648,31.767879486084
1719536732,"2024-06-28 01:05:32",B1468,TV6260,5593.08,755.616,238,105.32482910156,31.752439498901
1719536749,"2024-06-28 01:05:49",B1468,TV6260,5372.1,759.32,238,105.29676055908,31.737079620361
1719536766,"2024-06-28 01:06:06",B1468,TV6260,5173.98,750.06,238,105.26275634766,31.718120574951
1719536780,"2024-06-28 01:06:20",B1468,TV6260,4991.1,740.8,238,105.23166656494,31.701190948486
1719536792,"2024-06-28 01:06:32",B1468,TV6260,4861.56,740.8,238,105.21347808838,31.691349029541
1719536805,"2024-06-28 01:06:45",B1468,TV6260,4655.82,742.652,238,105.18574523926,31.676330566406
1719536816,"2024-06-28 01:06:56",B1468,TV6260,4526.28,744.504,239,105.16761016846,31.666690826416
1719536835,"2024-06-28 01:07:15",B1468,TV6260,4381.5,742.652,239,105.13791656494,31.650789260864
1719536848,"2024-06-28 01:07:28",B1468,TV6260,4274.82,733.392,239,105.10845947266,31.635219573975
1719536864,"2024-06-28 01:07:44",B1468,TV6260,4160.52,727.836,239,105.07965087891,31.620069503784
1719536878,"2024-06-28 01:07:58",B1468,TV6260,4084.32,725.984,239,105.05827331543,31.60876083374
1719536889,"2024-06-28 01:08:09",B1468,TV6260,4030.98,724.132,239,105.04110717773,31.599609375
1719536900,"2024-06-28 01:08:20",B1468,TV6260,3977.64,720.428,239,105.02300262451,31.589950561523
1719536914,"2024-06-28 01:08:34",B1468,TV6260,3878.58,718.576,239,104.9959487915,31.575590133667
1719536926,"2024-06-28 01:08:46",B1468,TV6260,3802.38,724.132,239,104.9783782959,31.566188812256
1719536938,"2024-06-28 01:08:58",B1468,TV6260,3703.32,733.392,238,104.9499206543,31.55094909668
1719536954,"2024-06-28 01:09:14",B1468,TV6260,3649.98,733.392,238,104.92218017578,31.536209106445
1719536966,"2024-06-28 01:09:26",B1468,TV6260,3627.12,729.688,239,104.90258026123,31.525680541992
1719536978,"2024-06-28 01:09:38",B1468,TV6260,3604.26,725.984,238,104.87351226807,31.510000228882
1719536993,"2024-06-28 01:09:53",B1468,TV6260,3589.02,718.576,238,104.84625244141,31.495100021362
1719537004,"2024-06-28 01:10:04",B1468,TV6260,3596.64,714.872,238,104.82675170898,31.484479904175
1719537018,"2024-06-28 01:10:18",B1468,TV6260,3596.64,714.872,238,104.80786895752,31.474149703979
1719537030,"2024-06-28 01:10:30",B1468,TV6260,3596.64,714.872,238,104.79006958008,31.464429855347
1719537041,"2024-06-28 01:10:41",B1468,TV6260,3596.64,714.872,238,104.77084350586,31.453899383545
1719537057,"2024-06-28 01:10:57",B1468,TV6260,3596.64,713.02,238,104.74321746826,31.438840866089
1719537071,"2024-06-28 01:11:11",B1468,TV6260,3596.64,713.02,239,104.71666717529,31.424699783325
1719537086,"2024-06-28 01:11:26",B1468,TV6260,3596.64,709.316,240,104.69004058838,31.411220550537
1719537101,"2024-06-28 01:11:41",B1468,TV6260,3596.64,707.464,240,104.6640625,31.398330688477
1719537115,"2024-06-28 01:11:55",B1468,TV6260,3589.02,709.316,240,104.63771820068,31.384920120239
1719537128,"2024-06-28 01:12:08",B1468,TV6260,3596.64,707.464,239,104.61009216309,31.370639801025
1719537142,"2024-06-28 01:12:22",B1468,TV6260,3596.64,707.464,239,104.59317779541,31.361759185791
1719537155,"2024-06-28 01:12:35",B1468,TV6260,3596.64,705.612,239,104.5658416748,31.347490310669
1719537169,"2024-06-28 01:12:49",B1468,TV6260,3596.64,709.316,239,104.5386505127,31.333290100098
1719537183,"2024-06-28 01:13:03",B1468,TV6260,3596.64,711.168,239,104.51172637939,31.319229125977
1719537195,"2024-06-28 01:13:15",B1468,TV6260,3596.64,713.02,239,104.49432373047,31.310060501099
1719537210,"2024-06-28 01:13:30",B1468,TV6260,3596.64,713.02,239,104.46608734131,31.295240402222
1719537223,"2024-06-28 01:13:43",B1468,TV6260,3596.64,713.02,239,104.43878173828,31.280910491943
1719537235,"2024-06-28 01:13:55",B1468,TV6260,3596.64,714.872,239,104.42176055908,31.271940231323
1719537248,"2024-06-28 01:14:08",B1468,TV6260,3596.64,711.168,239,104.39478302002,31.25779914856
1719537264,"2024-06-28 01:14:24",B1468,TV6260,3596.64,711.168,239,104.36840820312,31.243949890137
1719537279,"2024-06-28 01:14:39",B1468,TV6260,3589.02,713.02,239,104.34205627441,31.230009078979
1719537294,"2024-06-28 01:14:54",B1468,TV6260,3589.02,713.02,239,104.31497192383,31.215700149536
1719537308,"2024-06-28 01:15:08",B1468,TV6260,3596.64,713.02,239,104.28875732422,31.201820373535
1719537319,"2024-06-28 01:15:19",B1468,TV6260,3589.02,714.872,239,104.27049255371,31.192199707031
1719537333,"2024-06-28 01:15:33",B1468,TV6260,3596.64,714.872,239,104.24443054199,31.178359985352
1719537351,"2024-06-28 01:15:51",B1468,TV6260,3589.02,716.724,239,104.21717071533,31.163959503174
1719537365,"2024-06-28 01:16:05",B1468,TV6260,3589.02,716.724,239,104.19065856934,31.149919509888
1719537378,"2024-06-28 01:16:18",B1468,TV6260,3589.02,716.724,239,104.16417694092,31.135850906372
1719537395,"2024-06-28 01:16:35",B1468,TV6260,3596.64,716.724,239,104.13719940186,31.121480941772
1719537410,"2024-06-28 01:16:50",B1468,TV6260,3596.64,716.724,239,104.11054229736,31.107330322266
1719537421,"2024-06-28 01:17:01",B1468,TV6260,3596.64,714.872,239,104.09293365479,31.098009109497
1719537433,"2024-06-28 01:17:13",B1468,TV6260,3589.02,718.576,231,104.06719207764,31.082979202271
1719537448,"2024-06-28 01:17:28",B1468,TV6260,3589.02,722.28,214,104.05377197266,31.069379806519
1719537460,"2024-06-28 01:17:40",B1468,TV6260,3596.64,720.428,204,104.03987121582,31.044620513916
1719537475,"2024-06-28 01:17:55",B1468,TV6260,3596.64,718.576,202,104.02792358398,31.019439697266
1719537490,"2024-06-28 01:18:10",B1468,TV6260,3589.02,725.984,201,104.01629638672,30.993970870972
1719537504,"2024-06-28 01:18:24",B1468,TV6260,3589.02,724.132,201,104.00525665283,30.96940612793
1719537520,"2024-06-28 01:18:40",B1468,TV6260,3596.64,727.836,201,103.99362182617,30.943634033203
1719537533,"2024-06-28 01:18:53",B1468,TV6260,3589.02,727.836,201,103.98169708252,30.917720794678
1719537549,"2024-06-28 01:19:09",B1468,TV6260,3596.64,722.28,202,103.97026824951,30.893135070801
1719537564,"2024-06-28 01:19:24",B1468,TV6260,3596.64,714.872,202,103.95867156982,30.868190765381
1719537575,"2024-06-28 01:19:35",B1468,TV6260,3596.64,714.872,203,103.95053863525,30.850936889648
1719537591,"2024-06-28 01:19:51",B1468,TV6260,3596.64,718.576,203,103.93841552734,30.825210571289
1719537606,"2024-06-28 01:20:06",B1468,TV6260,3596.64,716.724,203,103.92714691162,30.801380157471
1719537620,"2024-06-28 01:20:20",B1468,TV6260,3589.02,696.352,202,103.91558074951,30.776819229126
1719537634,"2024-06-28 01:20:34",B1468,TV6260,3512.82,675.98,202,103.90335845947,30.75114440918
1719537645,"2024-06-28 01:20:45",B1468,TV6260,3482.34,661.164,203,103.89598083496,30.73567199707
1719537658,"2024-06-28 01:20:58",B1468,TV6260,3451.86,642.644,202,103.88858795166,30.720193862915
1719537675,"2024-06-28 01:21:15",B1468,TV6260,3398.52,620.42,202,103.87799072266,30.697448730469
1719537688,"2024-06-28 01:21:28",B1468,TV6260,3345.18,601.9,202,103.86797332764,30.675888061523
1719537704,"2024-06-28 01:21:44",B1468,TV6260,3291.84,583.38,202,103.85833740234,30.655242919922
1719537719,"2024-06-28 01:21:59",B1468,TV6260,3238.5,566.712,202,103.84886932373,30.635097503662
1719537733,"2024-06-28 01:22:13",B1468,TV6260,3169.92,555.6,202,103.83975982666,30.615417480469
1719537749,"2024-06-28 01:22:29",B1468,TV6260,3078.48,550.044,202,103.83079528809,30.596319198608
1719537761,"2024-06-28 01:22:41",B1468,TV6260,2979.42,542.636,203,103.82141113281,30.576299667358
1719537780,"2024-06-28 01:23:00",B1468,TV6260,2895.6,533.376,202,103.81423187256,30.560897827148
1719537794,"2024-06-28 01:23:14",B1468,TV6260,2781.3,525.968,202,103.80574798584,30.542551040649
1719537807,"2024-06-28 01:23:27",B1468,TV6260,2705.1,503.744,202,103.7974319458,30.524730682373
1719537819,"2024-06-28 01:23:39",B1468,TV6260,2644.14,496.336,203,103.79196166992,30.512989044189
1719537831,"2024-06-28 01:23:51",B1468,TV6260,2529.84,490.78,202,103.78404998779,30.496049880981
1719537846,"2024-06-28 01:24:06",B1468,TV6260,2407.92,485.224,202,103.77603149414,30.478540420532
1719537862,"2024-06-28 01:24:22",B1468,TV6260,2286,485.224,202,103.76834869385,30.461929321289
1719537877,"2024-06-28 01:24:37",B1468,TV6260,2186.94,481.52,202,103.76049041748,30.444650650024
1719537893,"2024-06-28 01:24:53",B1468,TV6260,2087.88,477.816,202,103.75289154053,30.428009033203
1719537907,"2024-06-28 01:25:07",B1468,TV6260,1988.82,475.964,202,103.74537658691,30.411691665649
1719537924,"2024-06-28 01:25:24",B1468,TV6260,1882.14,477.816,202,103.73748779297,30.394449234009
1719537937,"2024-06-28 01:25:37",B1468,TV6260,1790.7,474.112,201,103.72933959961,30.376592636108
1719537952,"2024-06-28 01:25:52",B1468,TV6260,1706.88,468.556,195,103.72273254395,30.360443115234
1719537965,"2024-06-28 01:26:05",B1468,TV6260,1661.16,464.852,176,103.7218170166,30.348815917969
1719537976,"2024-06-28 01:26:16",B1468,TV6260,1638.3,453.74,156,103.72527313232,30.337860107422
1719537988,"2024-06-28 01:26:28",B1468,TV6260,1577.34,444.48,128,103.73770141602,30.325012207031
1719538001,"2024-06-28 01:26:41",B1468,TV6260,1546.86,424.108,119,103.75400543213,30.316352844238
1719538012,"2024-06-28 01:26:52",B1468,TV6260,1554.48,405.588,118,103.76449584961,30.311418533325
1719538026,"2024-06-28 01:27:06",B1468,TV6260,1546.86,372.252,107,103.7791595459,30.305181503296
1719538041,"2024-06-28 01:27:21",B1468,TV6260,1546.86,362.992,74,103.79515075684,30.305088043213
1719538052,"2024-06-28 01:27:32",B1468,TV6260,1554.48,357.436,55,103.80404663086,30.309324264526
1719538063,"2024-06-28 01:27:43",B1468,TV6260,1554.48,361.14,49,103.81240081787,30.315170288086
1719538076,"2024-06-28 01:27:56",B1468,TV6260,1546.86,362.992,48,103.8243560791,30.324462890625
1719538088,"2024-06-28 01:28:08",B1468,TV6260,1546.86,362.992,34,103.83058166504,30.330923080444
1719538102,"2024-06-28 01:28:22",B1468,TV6260,1546.86,364.844,24,103.83776092529,30.343229293823
1719538117,"2024-06-28 01:28:37",B1468,TV6260,1546.86,366.696,22,103.84368896484,30.355819702148
1719538128,"2024-06-28 01:28:48",B1468,TV6260,1546.86,364.844,21,103.84756469727,30.364288330078
1719538141,"2024-06-28 01:29:01",B1468,TV6260,1546.86,362.992,22,103.85370635986,30.377655029297
1719538157,"2024-06-28 01:29:17",B1468,TV6260,1546.86,362.992,22,103.85942077637,30.390045166016
1719538171,"2024-06-28 01:29:31",B1468,TV6260,1546.86,362.992,22,103.86507415771,30.402149200439
1719538184,"2024-06-28 01:29:44",B1468,TV6260,1508.76,366.696,22,103.86911010742,30.410888671875
1719538196,"2024-06-28 01:29:56",B1468,TV6260,1394.46,366.696,21,103.87606048584,30.425989151001
1719538211,"2024-06-28 01:30:11",B1468,TV6260,1333.5,355.584,22,103.88063049316,30.435749053955
1719538222,"2024-06-28 01:30:22",B1468,TV6260,1287.78,344.472,22,103.88429260254,30.443664550781
1719538236,"2024-06-28 01:30:36",B1468,TV6260,1211.58,327.804,21,103.88973236084,30.455337524414
1719538251,"2024-06-28 01:30:51",B1468,TV6260,1143,316.692,22,103.89489746094,30.466529846191
1719538262,"2024-06-28 01:31:02",B1468,TV6260,1097.28,301.876,22,103.89824676514,30.473602294922
1719538279,"2024-06-28 01:31:19",B1468,TV6260,1043.94,290.764,22,103.90309143066,30.483993530273
1719538292,"2024-06-28 01:31:32",B1468,TV6260,975.36,287.06,22,103.90782928467,30.494340896606
1719538307,"2024-06-28 01:31:47",B1468,TV6260,922.02,287.06,22,103.91235351562,30.504089355469
1719538321,"2024-06-28 01:32:01",B1468,TV6260,861.06,285.208,22,103.91703796387,30.513969421387
1719538336,"2024-06-28 01:32:16",B1468,TV6260,800.1,287.06,22,103.92154693604,30.523790359497
1719538351,"2024-06-28 01:32:31",B1468,TV6260,739.14,285.208,22,103.92630004883,30.533981323242
1719538362,"2024-06-28 01:32:42",B1468,TV6260,693.42,283.356,22,103.92929077148,30.540363311768
1719538377,"2024-06-28 01:32:57",B1468,TV6260,640.08,281.504,22,103.93379211426,30.550140380859
1719538392,"2024-06-28 01:33:12",B1468,TV6260,579.12,283.356,22,103.93857574463,30.560333251953
1719538406,"2024-06-28 01:33:26",B1468,TV6260,548.64,270.392,22,103.94305419922,30.570053100586
1719538421,"2024-06-28 01:33:41",B1468,TV6260,548.64,164.828,22,103.94649505615,30.577430725098
1719538433,"2024-06-28 01:33:53",B1468,TV6260,548.64,100.008,22,103.94784545898,30.580316543579
1719538448,"2024-06-28 01:34:08",B1468,TV6260,548.64,44.448,22,103.9496307373,30.58403968811
1719538460,"2024-06-28 01:34:20",B1468,TV6260,548.64,40.744,22,103.95063018799,30.5849609375
1719538482,"2024-06-28 01:34:42",B1468,TV6260,548.64,20.372,22,103.95188140869,30.585720062256
1719538524,"2024-06-28 01:35:24",B1468,TV6260,548.64,12.964,22,103.95303344727,30.584890365601
1719538548,"2024-06-28 01:35:48",B1468,TV6260,548.64,18.52,22,103.95255279541,30.583889007568
1719538560,"2024-06-28 01:36:00",B1468,TV6260,548.64,20.372,22,103.95230102539,30.58332824707
1719538573,"2024-06-28 01:36:13",B1468,TV6260,548.64,22.224,22,103.95203399658,30.582744598389
1719538586,"2024-06-28 01:36:26",B1468,TV6260,548.64,25.928,22,103.95175933838,30.582189559937
1719538602,"2024-06-28 01:36:42",B1468,TV6260,548.64,29.632,22,103.95119476318,30.580991744995
1719538613,"2024-06-28 01:36:53",B1468,TV6260,548.64,33.336,22,103.95076751709,30.580055236816
1719538663,"2024-06-28 01:37:43",B1468,TV6260,548.64,3.704,22,103.94994354248,30.578290939331
1719538675,"2024-06-28 01:37:55",B1468,TV6260,548.64,3.704,22,103.94992828369,30.578247070312
1719538691,"2024-06-28 01:38:11",B1468,TV6260,548.64,1.852,22,103.94989013672,30.578174591064
1719538717,"2024-06-28 01:38:37",B1468,TV6260,548.64,7.408,22,103.94976806641,30.577896118164
1719538730,"2024-06-28 01:38:50",B1468,TV6260,548.64,11.112,22,103.94961547852,30.57758140564
1719538756,"2024-06-28 01:39:16",B1468,TV6260,548.64,12.964,22,103.94925689697,30.576816558838
1719538773,"2024-06-28 01:39:33",B1468,TV6260,548.64,20.372,22,103.9489440918,30.576137542725
1719538794,"2024-06-28 01:39:54",B1468,TV6260,548.64,22.224,22,103.9485168457,30.575218200684
1719538811,"2024-06-28 01:40:11",B1468,TV6260,548.64,25.928,22,103.94819641113,30.574527740479
1719538825,"2024-06-28 01:40:25",B1468,TV6260,548.64,33.336,22,103.94759368896,30.573240280151
1719538836,"2024-06-28 01:40:36",B1468,TV6260,548.64,33.336,22,103.9471206665,30.572216033936
1719538850,"2024-06-28 01:40:50",B1468,TV6260,548.64,14.816,22,103.94683074951,30.571588516235
1719538868,"2024-06-28 01:41:08",B1468,TV6260,548.64,5.5559998,22,103.94663238525,30.57119178772
1719538882,"2024-06-28 01:41:22",B1468,TV6260,548.64,0,22,103.94661712646,30.571151733398
1719538911,"2024-06-28 01:41:51",B1468,TV6260,548.64,0,22,103.94661712646,30.571151733398
1719538923,"2024-06-28 01:42:03",B1468,TV6260,548.64,0,22,103.94661712646,30.571151733398
1719538941,"2024-06-28 01:42:21",B1468,TV6260,548.64,0,22,103.94661712646,30.571151733398
1719538956,"2024-06-28 01:42:36",B1468,TV6260,548.64,0,22,103.94662475586,30.571146011353
1719538968,"2024-06-28 01:42:48",B1468,TV6260,548.64,0,22,103.94662475586,30.571146011353
1719538973,"2024-06-28 01:42:53",B1468,TV6260,548.64,0,22,103.94662475586,30.571146011353
1719538977,"2024-06-28 01:42:57",B1468,TV6260,548.64,0,22,103.94662475586,30.571146011353
1719538982,"2024-06-28 01:43:02",B1468,TV6260,548.64,0,22,103.94662475586,30.571146011353
1719538991,"2024-06-28 01:43:11",B1468,TV6260,548.64,0,22,103.94662475586,30.571146011353
1719539003,"2024-06-28 01:43:23",B1468,TV6260,548.64,0,22,103.94661712646,30.571151733398
1719539032,"2024-06-28 01:43:52",B1468,TV6260,548.64,0,22,103.94661712646,30.571151733398
1719539058,"2024-06-28 01:44:18",B1468,TV6260,548.64,1.852,22,103.94660186768,30.571140289307
1719539072,"2024-06-28 01:44:32",B1468,TV6260,548.64,14.816,22,103.94645690918,30.570808410645
1719539088,"2024-06-28 01:44:48",B1468,TV6260,548.64,11.112,22,103.94617462158,30.570133209229
1719539110,"2024-06-28 01:45:10",B1468,TV6260,548.64,18.52,22,103.94596099854,30.569446563721
1719539123,"2024-06-28 01:45:23",B1468,TV6260,548.64,18.52,22,103.94575500488,30.568876266479
1719539138,"2024-06-28 01:45:38",B1468,TV6260,548.64,18.52,22,103.94608306885,30.568347930908
1719539151,"2024-06-28 01:45:51",B1468,TV6260,548.64,12.964,22,103.94660949707,30.56852722168
1719539165,"2024-06-28 01:46:05",B1468,TV6260,548.64,14.816,22,103.94673156738,30.568958282471
1719539185,"2024-06-28 01:46:25",B1468,TV6260,548.64,12.964,22,103.94690704346,30.569702148438
1719539202,"2024-06-28 01:46:42",B1468,TV6260,548.64,14.816,22,103.94705963135,30.570167541504
1719539230,"2024-06-28 01:47:10",B1468,TV6260,548.64,14.816,22,103.948097229,30.57039642334
1719539243,"2024-06-28 01:47:23",B1468,TV6260,548.64,7.408,22,103.94853210449,30.570238113403
1719539255,"2024-06-28 01:47:35",B1468,TV6260,548.64,3.704,22,103.94868469238,30.570190429688
1719539271,"2024-06-28 01:47:51",B1468,TV6260,548.64,1.852,22,103.94877624512,30.57014465332
1719539289,"2024-06-28 01:48:09",B1468,TV6260,548.64,0,22,103.94882965088,30.57014465332
1719539296,"2024-06-28 01:48:16",B1468,TV6260,548.64,0,22,103.94882965088,30.57014465332
