Time,"UTC TIME",Anum,Fnum,Height,Speed,Angle,Longitude,Latitude
1718935108,"2024-06-21 01:58:28",B1151,FM9303,99.06,235.204,177,121.33223724365,31.202339172363
1718935122,"2024-06-21 01:58:42",B1151,FM9303,99.06,266.688,177,121.33267974854,31.194259643555
1718935137,"2024-06-21 01:58:57",B1151,FM9303,243.84,320.396,177,121.33344268799,31.181629180908
1718935152,"2024-06-21 01:59:12",B1151,FM9303,457.2,311.136,176,121.33422088623,31.16955947876
1718935167,"2024-06-21 01:59:27",B1151,FM9303,670,300.1,178.6,121.33448791504,31.157739639282
1718935182,"2024-06-21 01:59:42",B1151,FM9303,830,296.6,177.5,121.33498382568,31.147077560425
1718935197,"2024-06-21 01:59:57",B1151,FM9303,982.98,296.32,189,121.33499908447,31.136764526367
1718935212,"2024-06-21 02:00:12",B1151,FM9303,1112,310.9,231.3,121.32701873779,31.126874923706
1718935228,"2024-06-21 02:00:28",B1151,FM9303,1196.34,353.732,255,121.31317901611,31.122409820557
1718935244,"2024-06-21 02:00:44",B1151,FM9303,1272.54,394.476,255,121.29747009277,31.118730545044
1718935257,"2024-06-21 02:00:57",B1151,FM9303,1363.98,427.812,255,121.27984619141,31.114429473877
1718935272,"2024-06-21 02:01:12",B1151,FM9303,1455,450,253.5,121.2611541748,31.109743118286
1718935287,"2024-06-21 02:01:27",B1151,FM9303,1539,455.9,253.5,121.24264526367,31.105087280273
1718935302,"2024-06-21 02:01:42",B1151,FM9303,1623.06,466.704,254,121.22297668457,31.100059509277
1718935322,"2024-06-21 02:02:02",B1151,FM9303,1874.52,463,254,121.20079040527,31.094381332397
1718935338,"2024-06-21 02:02:18",B1151,FM9303,2141,466.2,252.4,121.17984771729,31.088836669922
1718935349,"2024-06-21 02:02:29",B1151,FM9303,2293,469.5,236.7,121.16843414307,31.083581924438
1718935362,"2024-06-21 02:02:42",B1151,FM9303,2499.36,481.52,233,121.15139770508,31.072359085083
1718935377,"2024-06-21 02:02:57",B1151,FM9303,2697.48,494.484,232,121.13497924805,31.061420440674
1718935392,"2024-06-21 02:03:12",B1151,FM9303,2796,500.5,232.4,121.11860656738,31.05052947998
1718935403,"2024-06-21 02:03:23",B1151,FM9303,2804,503.1,232.3,121.10606384277,31.042190551758
1718935417,"2024-06-21 02:03:37",B1151,FM9303,2804.16,503.744,232,121.08866882324,31.030559539795
1718935432,"2024-06-21 02:03:52",B1151,FM9303,2865.12,503.744,232,121.07127380371,31.018939971924
1718935447,"2024-06-21 02:04:07",B1151,FM9303,3017.52,507.448,232,121.05362701416,31.007099151611
1718935458,"2024-06-21 02:04:18",B1151,FM9303,3162.3,507.448,232,121.04321289062,31.00016784668
1718935472,"2024-06-21 02:04:32",B1151,FM9303,3307.08,525.968,233,121.02561187744,30.988521575928
1718935487,"2024-06-21 02:04:47",B1151,FM9303,3474.72,544.488,234,121.00660705566,30.976137161255
1718935498,"2024-06-21 02:04:58",B1151,FM9303,3581.4,555.6,234,120.99282073975,30.967290878296
1718935512,"2024-06-21 02:05:12",B1151,FM9303,3741.42,570.416,234,120.97385406494,30.955215454102
1718935523,"2024-06-21 02:05:23",B1151,FM9303,3848.1,577.824,234,120.95964050293,30.946159362793
1718935537,"2024-06-21 02:05:37",B1151,FM9303,3985.26,596.344,234,120.93901062012,30.933010101318
1718935552,"2024-06-21 02:05:52",B1151,FM9303,4160.52,605.604,234,120.91730499268,30.919281005859
1718935567,"2024-06-21 02:06:07",B1151,FM9303,4328.16,614.864,235,120.89646148682,30.906330108643
1718935582,"2024-06-21 02:06:22",B1151,FM9303,4503,619.6,235,120.87515258789,30.893367767334
1718935593,"2024-06-21 02:06:33",B1151,FM9303,4602,626.8,235.2,120.86027526855,30.884399414062
1718935607,"2024-06-21 02:06:47",B1151,FM9303,4770.12,635.236,236,120.83796691895,30.871070861816
1718935622,"2024-06-21 02:07:02",B1151,FM9303,4907.28,648.2,253,120.81153869629,30.860223770142
1718935633,"2024-06-21 02:07:13",B1151,FM9303,5013.96,653.756,256,120.79280853271,30.855987548828
1718935648,"2024-06-21 02:07:28",B1151,FM9303,5173.98,659.312,256,120.76561737061,30.849935531616
1718935662,"2024-06-21 02:07:42",B1151,FM9303,5326.38,666.72,256,120.73595428467,30.843370437622
1718935682,"2024-06-21 02:08:02",B1151,FM9303,5509.26,675.98,256,120.70086669922,30.835510253906
1718935697,"2024-06-21 02:08:17",B1151,FM9303,5676.9,683.388,256,120.67032623291,30.828779220581
1718935712,"2024-06-21 02:08:32",B1151,FM9303,5829.3,688.944,257,120.64279174805,30.822841644287
1718935727,"2024-06-21 02:08:47",B1151,FM9303,5996.94,690.796,256,120.61543273926,30.816883087158
1718935742,"2024-06-21 02:09:02",B1151,FM9303,6156.96,694.5,257,120.58297729492,30.809829711914
1718935757,"2024-06-21 02:09:17",B1151,FM9303,6309.36,698.204,256,120.55400085449,30.803739547729
1718935772,"2024-06-21 02:09:32",B1151,FM9303,6484.62,690.796,249,120.52535247803,30.796329498291
1718935787,"2024-06-21 02:09:47",B1151,FM9303,6659.88,688.944,238,120.49816131592,30.78351020813
1718935802,"2024-06-21 02:10:02",B1151,FM9303,6804.66,690.796,227,120.47519683838,30.767070770264
1718935817,"2024-06-21 02:10:17",B1151,FM9303,6926.58,700.056,220,120.45824432373,30.75032043457
1718935832,"2024-06-21 02:10:32",B1151,FM9303,7040.88,705.612,220,120.43697357178,30.728393554688
1718935847,"2024-06-21 02:10:47",B1151,FM9303,7155.18,713.02,220,120.41724395752,30.707904815674
1718935862,"2024-06-21 02:11:02",B1151,FM9303,7254.24,722.28,219,120.39614868164,30.685869216919
1718935873,"2024-06-21 02:11:13",B1151,FM9303,7299.96,729.688,220,120.38297271729,30.671970367432
1718935887,"2024-06-21 02:11:27",B1151,FM9303,7421.88,733.392,220,120.36293029785,30.650800704956
1718935902,"2024-06-21 02:11:42",B1151,FM9303,7536.18,738.948,220,120.34210205078,30.628770828247
1718935917,"2024-06-21 02:11:57",B1151,FM9303,7658.1,740.8,220,120.32221221924,30.607730865479
1718935932,"2024-06-21 02:12:12",B1151,FM9303,7772.4,742.652,219,120.30152893066,30.585849761963
1718935947,"2024-06-21 02:12:27",B1151,FM9303,7901.94,744.504,220,120.28112030029,30.564289093018
1718935962,"2024-06-21 02:12:42",B1151,FM9303,8016.24,746.356,220,120.2607421875,30.542779922485
1718935977,"2024-06-21 02:12:57",B1151,FM9303,8122.92,748.208,220,120.24008178711,30.520980834961
1718935988,"2024-06-21 02:13:08",B1151,FM9303,8183.88,753.764,220,120.22651672363,30.50671005249
1718936002,"2024-06-21 02:13:22",B1151,FM9303,8282.94,759.32,220,120.20526123047,30.484220504761
1718936017,"2024-06-21 02:13:37",B1151,FM9303,8374.38,764.876,220,120.18421936035,30.462060928345
1718936032,"2024-06-21 02:13:52",B1151,FM9303,8473.44,768.58,220,120.16371917725,30.440509796143
1718936048,"2024-06-21 02:14:08",B1151,FM9303,8580.12,772.284,220,120.14244842529,30.418119430542
1718936062,"2024-06-21 02:14:22",B1151,FM9303,8663.94,775.988,220,120.12111663818,30.395599365234
1718936079,"2024-06-21 02:14:39",B1151,FM9303,8755.38,777.84,220,120.09957122803,30.372869491577
1718936093,"2024-06-21 02:14:53",B1151,FM9303,8831.58,785.248,220,120.07836151123,30.35046005249
1718936108,"2024-06-21 02:15:08",B1151,FM9303,8907.78,788.952,220,120.05618286133,30.32700920105
1718936122,"2024-06-21 02:15:22",B1151,FM9303,8983.98,796.36,220,120.03349304199,30.302946090698
1718936137,"2024-06-21 02:15:37",B1151,FM9303,9060.18,803.768,220,120.01275634766,30.28092956543
1718936152,"2024-06-21 02:15:52",B1151,FM9303,9136.38,809.324,220,119.9903717041,30.257230758667
1718936163,"2024-06-21 02:16:03",B1151,FM9303,9174.48,811.176,220,119.9758682251,30.241870880127
1718936177,"2024-06-21 02:16:17",B1151,FM9303,9182.1,822.288,220,119.95336151123,30.21808052063
1718936192,"2024-06-21 02:16:32",B1151,FM9303,9182.1,835.252,220,119.93103790283,30.194339752197
1718936207,"2024-06-21 02:16:47",B1151,FM9303,9174.48,840.808,220,119.907371521,30.169239044189
1718936218,"2024-06-21 02:16:58",B1151,FM9303,9174.48,842.66,220,119.89196777344,30.152893066406
1718936233,"2024-06-21 02:17:13",B1151,FM9303,9174.48,844.512,220,119.86891937256,30.128400802612
1718936247,"2024-06-21 02:17:27",B1151,FM9303,9174.48,844.512,220,119.84633636475,30.104349136353
1718936262,"2024-06-21 02:17:42",B1151,FM9303,9174.48,846.364,220,119.82270812988,30.079149246216
1718936273,"2024-06-21 02:17:53",B1151,FM9303,9174.48,848.216,219,119.80767059326,30.062740325928
1718936287,"2024-06-21 02:18:07",B1151,FM9303,9174.48,853.772,213,119.78668212891,30.03643989563
1718936302,"2024-06-21 02:18:22",B1151,FM9303,9174.48,857.476,211,119.76746368408,30.008150100708
1718936317,"2024-06-21 02:18:37",B1151,FM9303,9174.48,855.624,211,119.74951934814,29.981599807739
1718936332,"2024-06-21 02:18:52",B1151,FM9303,9174.48,857.476,211,119.73081970215,29.953800201416
1718936348,"2024-06-21 02:19:08",B1151,FM9303,9174.48,857.476,211,119.71176147461,29.925640106201
1718936363,"2024-06-21 02:19:23",B1151,FM9303,9174.48,859.328,210,119.69255828857,29.897190093994
1718936377,"2024-06-21 02:19:37",B1151,FM9303,9174.48,859.328,211,119.67417907715,29.869779586792
1718936392,"2024-06-21 02:19:52",B1151,FM9303,9174.48,857.476,214,119.65495300293,29.843200683594
1718936407,"2024-06-21 02:20:07",B1151,FM9303,9174.48,855.624,215,119.6335067749,29.815839767456
1718936423,"2024-06-21 02:20:23",B1151,FM9303,9174.48,855.624,215,119.61322021484,29.789789199829
1718936437,"2024-06-21 02:20:37",B1151,FM9303,9174.48,855.624,215,119.59166717529,29.762100219727
1718936453,"2024-06-21 02:20:53",B1151,FM9303,9174.48,855.624,215,119.57166290283,29.73637008667
1718936467,"2024-06-21 02:21:07",B1151,FM9303,9174.48,855.624,215,119.55116271973,29.7099609375
1718936482,"2024-06-21 02:21:22",B1151,FM9303,9174.48,855.624,215,119.53038787842,29.683290481567
1718936497,"2024-06-21 02:21:37",B1151,FM9303,9174.48,853.772,216,119.50862884521,29.655870437622
1718936508,"2024-06-21 02:21:48",B1151,FM9303,9174.48,851.92,220,119.49458312988,29.640319824219
1718936522,"2024-06-21 02:22:02",B1151,FM9303,9174.48,846.364,225,119.46974945068,29.616580963135
1718936537,"2024-06-21 02:22:17",B1151,FM9303,9174.48,844.512,228,119.44277954102,29.59473991394
1718936552,"2024-06-21 02:22:32",B1151,FM9303,9174.48,844.512,228,119.41578674316,29.573469161987
1718936567,"2024-06-21 02:22:47",B1151,FM9303,9174.48,844.512,228,119.38896942139,29.552289962769
1718936582,"2024-06-21 02:23:02",B1151,FM9303,9174.48,846.364,228,119.36217498779,29.531158447266
1718936593,"2024-06-21 02:23:13",B1151,FM9303,9174.48,846.364,229,119.34323883057,29.516260147095
1718936607,"2024-06-21 02:23:27",B1151,FM9303,9174.48,844.512,229,119.3169631958,29.495639801025
1718936625,"2024-06-21 02:23:45",B1151,FM9303,9174.48,844.512,229,119.29019927979,29.474639892578
1718936638,"2024-06-21 02:23:58",B1151,FM9303,9174.48,844.512,228,119.26313781738,29.453430175781
1718936652,"2024-06-21 02:24:12",B1151,FM9303,9174.48,844.512,229,119.23655700684,29.432470321655
1718936668,"2024-06-21 02:24:28",B1151,FM9303,9174.48,844.512,229,119.2084197998,29.410350799561
1718936683,"2024-06-21 02:24:43",B1151,FM9303,9174.48,842.66,229,119.18264770508,29.390119552612
1718936697,"2024-06-21 02:24:57",B1151,FM9303,9174.48,842.66,229,119.15586853027,29.369110107422
1718936712,"2024-06-21 02:25:12",B1151,FM9303,9174.48,840.808,230,119.12776947021,29.347320556641
1718936725,"2024-06-21 02:25:25",B1151,FM9303,9174.48,835.252,238,119.10907745361,29.335819244385
1718936737,"2024-06-21 02:25:37",B1151,FM9303,9174.48,833.4,245,119.07656097412,29.320789337158
1718936749,"2024-06-21 02:25:49",B1151,FM9303,9174.48,829.696,250,119.05455780029,29.31316947937
1718936760,"2024-06-21 02:26:00",B1151,FM9303,9174.48,827.844,255,119.03218078613,29.307050704956
1718936772,"2024-06-21 02:26:12",B1151,FM9303,9174.48,829.696,255,118.99835968018,29.298950195312
1718936783,"2024-06-21 02:26:23",B1151,FM9303,9174.48,827.844,255,118.9751663208,29.293260574341
1718936798,"2024-06-21 02:26:38",B1151,FM9303,9174.48,829.696,254,118.94142913818,29.28484916687
1718936813,"2024-06-21 02:26:53",B1151,FM9303,9174.48,833.4,246,118.90869140625,29.273580551147
1718936827,"2024-06-21 02:27:07",B1151,FM9303,9174.48,837.104,238,118.87651062012,29.25732421875
1718936842,"2024-06-21 02:27:22",B1151,FM9303,9174.48,840.808,229,118.84848022461,29.237880706787
1718936857,"2024-06-21 02:27:37",B1151,FM9303,9174.48,840.808,228,118.82251739502,29.21715927124
1718936872,"2024-06-21 02:27:52",B1151,FM9303,9174.48,840.808,229,118.79553985596,29.195789337158
1718936887,"2024-06-21 02:28:07",B1151,FM9303,9174.48,840.808,228,118.76880645752,29.174650192261
1718936902,"2024-06-21 02:28:22",B1151,FM9303,9197.34,850.068,228,118.74255371094,29.153709411621
1718936917,"2024-06-21 02:28:37",B1151,FM9303,9311.64,846.364,228,118.71508789062,29.13171005249
1718936928,"2024-06-21 02:28:48",B1151,FM9303,9395.46,842.66,228,118.69744873047,29.117519378662
1718936942,"2024-06-21 02:29:02",B1151,FM9303,9532.62,837.104,228,118.67082214355,29.096130371094
1718936953,"2024-06-21 02:29:13",B1151,FM9303,9608.82,833.4,228,118.65357971191,29.082250595093
1718936964,"2024-06-21 02:29:24",B1151,FM9303,9685.02,829.696,228,118.63571166992,29.067899703979
1718936978,"2024-06-21 02:29:38",B1151,FM9303,9791.7,827.844,228,118.60968780518,29.047060012817
1718936992,"2024-06-21 02:29:52",B1151,FM9303,9883.14,825.992,228,118.58377838135,29.026149749756
1718937007,"2024-06-21 02:30:07",B1151,FM9303,9959.34,827.844,228,118.55774688721,29.005100250244
1718937024,"2024-06-21 02:30:24",B1151,FM9303,10027.92,831.548,228,118.53202056885,28.984359741211
1718937037,"2024-06-21 02:30:37",B1151,FM9303,10073.64,833.4,228,118.51210784912,28.968339920044
1718937048,"2024-06-21 02:30:48",B1151,FM9303,10149.84,833.4,228,118.48606872559,28.947330474854
1718937064,"2024-06-21 02:31:04",B1151,FM9303,10287,824.14,228,118.46056365967,28.926860809326
1718937077,"2024-06-21 02:31:17",B1151,FM9303,10340.34,818.584,228,118.43460845947,28.905960083008
1718937092,"2024-06-21 02:31:32",B1151,FM9303,10401.3,813.028,228,118.40785217285,28.884519577026
1718937107,"2024-06-21 02:31:47",B1151,FM9303,10401.3,814.88,228,118.38317871094,28.864610671997
1718937118,"2024-06-21 02:31:58",B1151,FM9303,10393.68,816.732,228,118.36601257324,28.850879669189
1718937133,"2024-06-21 02:32:13",B1151,FM9303,10393.68,818.584,228,118.33966064453,28.8297996521
1718937144,"2024-06-21 02:32:24",B1151,FM9303,10393.68,820.436,228,118.32264709473,28.816070556641
1718937157,"2024-06-21 02:32:37",B1151,FM9303,10393.68,818.584,228,118.29708099365,28.795440673828
1718937172,"2024-06-21 02:32:52",B1151,FM9303,10393.68,818.584,228,118.27131652832,28.774589538574
1718937187,"2024-06-21 02:33:07",B1151,FM9303,10393.68,818.584,228,118.2428894043,28.751720428467
1718937202,"2024-06-21 02:33:22",B1151,FM9303,10393.68,816.732,228,118.2162322998,28.730319976807
1718937217,"2024-06-21 02:33:37",B1151,FM9303,10393.68,818.584,228,118.18984222412,28.708999633789
1718937229,"2024-06-21 02:33:49",B1151,FM9303,10393.68,816.732,228,118.17378997803,28.695959091187
1718937242,"2024-06-21 02:34:02",B1151,FM9303,10393.68,818.584,228,118.14823913574,28.675140380859
1718937254,"2024-06-21 02:34:14",B1151,FM9303,10393.68,818.584,228,118.13054656982,28.660720825195
1718937269,"2024-06-21 02:34:29",B1151,FM9303,10393.68,818.584,228,118.10296630859,28.638380050659
1718937282,"2024-06-21 02:34:42",B1151,FM9303,10393.68,818.584,228,118.08434295654,28.623300552368
1718937293,"2024-06-21 02:34:53",B1151,FM9303,10393.68,820.436,228,118.06732177734,28.609539031982
1718937307,"2024-06-21 02:35:07",B1151,FM9303,10393.68,820.436,228,118.04206848145,28.588939666748
1718937322,"2024-06-21 02:35:22",B1151,FM9303,10393.68,822.288,228,118.01309204102,28.565200805664
1718937337,"2024-06-21 02:35:37",B1151,FM9303,10393.68,820.436,228,117.98745727539,28.544309616089
1718937348,"2024-06-21 02:35:48",B1151,FM9303,10393.68,813.028,228,117.96865844727,28.528980255127
1718937362,"2024-06-21 02:36:02",B1151,FM9303,10393.68,811.176,228,117.94309234619,28.508239746094
1718937377,"2024-06-21 02:36:17",B1151,FM9303,10393.68,811.176,228,117.91631317139,28.486499786377
1718937392,"2024-06-21 02:36:32",B1151,FM9303,10393.68,811.176,228,117.89064025879,28.465530395508
1718937409,"2024-06-21 02:36:49",B1151,FM9303,10393.68,811.176,227,117.86570739746,28.444610595703
1718937423,"2024-06-21 02:37:03",B1151,FM9303,10393.68,811.176,226,117.84484863281,28.42679977417
1718937438,"2024-06-21 02:37:18",B1151,FM9303,10393.68,809.324,227,117.81587219238,28.402130126953
1718937452,"2024-06-21 02:37:32",B1151,FM9303,10393.68,809.324,227,117.79107666016,28.380939483643
1718937467,"2024-06-21 02:37:47",B1151,FM9303,10393.68,811.176,226,117.76696777344,28.360370635986
1718937482,"2024-06-21 02:38:02",B1151,FM9303,10393.68,809.324,227,117.7479095459,28.344120025635
1718937497,"2024-06-21 02:38:17",B1151,FM9303,10393.68,811.176,227,117.72174072266,28.321920394897
1718937508,"2024-06-21 02:38:28",B1151,FM9303,10393.68,813.028,227,117.70294189453,28.306039810181
1718937528,"2024-06-21 02:38:48",B1151,FM9303,10393.68,813.028,227,117.66771697998,28.276109695435
1718937543,"2024-06-21 02:39:03",B1151,FM9303,10393.68,813.028,227,117.64282226562,28.25486946106
1718937562,"2024-06-21 02:39:22",B1151,FM9303,10393.68,813.028,227,117.61505126953,28.231189727783
1718937577,"2024-06-21 02:39:37",B1151,FM9303,10393.68,814.88,227,117.58392333984,28.204650878906
1718937597,"2024-06-21 02:39:57",B1151,FM9303,10393.68,813.028,227,117.55783081055,28.182399749756
1718937612,"2024-06-21 02:40:12",B1151,FM9303,10393.68,814.88,227,117.52993774414,28.15864944458
1718937627,"2024-06-21 02:40:27",B1151,FM9303,10393.68,813.028,227,117.50453948975,28.137079238892
1718937647,"2024-06-21 02:40:47",B1151,FM9303,10393.68,813.028,227,117.47263336182,28.10998916626
1718937658,"2024-06-21 02:40:58",B1151,FM9303,10393.68,814.88,227,117.45208740234,28.092409133911
1718937674,"2024-06-21 02:41:14",B1151,FM9303,10393.68,814.88,226,117.43212127686,28.075290679932
1718937687,"2024-06-21 02:41:27",B1151,FM9303,10393.68,816.732,227,117.40788269043,28.054550170898
1718937702,"2024-06-21 02:41:42",B1151,FM9303,10393.68,816.732,227,117.3826675415,28.033060073853
1718937717,"2024-06-21 02:41:57",B1151,FM9303,10393.68,816.732,226,117.35343170166,28.007919311523
1718937728,"2024-06-21 02:42:08",B1151,FM9303,10393.68,816.732,226,117.33667755127,27.993490219116
1718937742,"2024-06-21 02:42:22",B1151,FM9303,10393.68,816.732,227,117.31233215332,27.972700119019
1718937757,"2024-06-21 02:42:37",B1151,FM9303,10393.68,818.584,227,117.28486633301,27.949129104614
1718937772,"2024-06-21 02:42:52",B1151,FM9303,10393.68,816.732,226,117.26045227051,27.928159713745
1718937787,"2024-06-21 02:43:07",B1151,FM9303,10393.68,818.584,226,117.24298095703,27.913089752197
1718937801,"2024-06-21 02:43:21",B1151,FM9303,10393.68,820.436,226,117.21334075928,27.887599945068
1718937821,"2024-06-21 02:43:41",B1151,FM9303,10393.68,820.436,227,117.18659973145,27.86462020874
1718937836,"2024-06-21 02:43:56",B1151,FM9303,10393.68,822.288,227,117.15984344482,27.841640472412
1718937857,"2024-06-21 02:44:17",B1151,FM9303,10393.68,825.992,226,117.12825012207,27.814540863037
1718937873,"2024-06-21 02:44:33",B1151,FM9303,10393.68,825.992,226,117.09909820557,27.789499282837
1718937886,"2024-06-21 02:44:46",B1151,FM9303,10401.3,825.992,226,117.07479858398,27.768459320068
1718937897,"2024-06-21 02:44:57",B1151,FM9303,10393.68,825.992,226,117.05731964111,27.753280639648
1718937911,"2024-06-21 02:45:11",B1151,FM9303,10393.68,827.844,226,117.03088378906,27.730409622192
1718937927,"2024-06-21 02:45:27",B1151,FM9303,10393.68,829.696,226,117.01123809814,27.713470458984
1718937940,"2024-06-21 02:45:40",B1151,FM9303,10393.68,829.696,226,116.9815826416,27.687870025635
1718937951,"2024-06-21 02:45:51",B1151,FM9303,10393.68,827.844,226,116.96546936035,27.673999786377
1718937962,"2024-06-21 02:46:02",B1151,FM9303,10393.68,827.844,226,116.94814300537,27.659059524536
1718937975,"2024-06-21 02:46:15",B1151,FM9303,10393.68,825.992,226,116.92817687988,27.641790390015
1718937995,"2024-06-21 02:46:35",B1151,FM9303,10393.68,824.14,226,116.89360046387,27.611940383911
1718938010,"2024-06-21 02:46:50",B1151,FM9303,10393.68,824.14,226,116.8649520874,27.587230682373
1718938025,"2024-06-21 02:47:05",B1151,FM9303,10393.68,824.14,226,116.84033203125,27.565929412842
1718938036,"2024-06-21 02:47:16",B1151,FM9303,10393.68,822.288,227,116.82111358643,27.549520492554
1718938052,"2024-06-21 02:47:32",B1151,FM9303,10393.68,822.288,227,116.80030059814,27.531740188599
1718938072,"2024-06-21 02:47:52",B1151,FM9303,10393.68,822.288,227,116.76682281494,27.50325012207
1718938090,"2024-06-21 02:48:10",B1151,FM9303,10393.68,818.584,227,116.73709869385,27.477809906006
1718938105,"2024-06-21 02:48:25",B1151,FM9303,10393.68,818.584,227,116.71086883545,27.455379486084
1718938125,"2024-06-21 02:48:45",B1151,FM9303,10393.68,818.584,227,116.67965698242,27.42852973938
1718938140,"2024-06-21 02:49:00",B1151,FM9303,10393.68,814.88,227,116.65425872803,27.406700134277
1718938155,"2024-06-21 02:49:15",B1151,FM9303,10393.68,814.88,227,116.62619781494,27.382690429688
1718938166,"2024-06-21 02:49:26",B1151,FM9303,10393.68,814.88,227,116.61018371582,27.368999481201
1718938180,"2024-06-21 02:49:40",B1151,FM9303,10393.68,813.028,227,116.5846862793,27.347120285034
1718938195,"2024-06-21 02:49:55",B1151,FM9303,10393.68,813.028,226,116.55872344971,27.324739456177
1718938206,"2024-06-21 02:50:06",B1151,FM9303,10393.68,814.88,227,116.54000854492,27.308610916138
1718938221,"2024-06-21 02:50:21",B1151,FM9303,10393.68,813.028,226,116.51461791992,27.286649703979
1718938236,"2024-06-21 02:50:36",B1151,FM9303,10393.68,813.028,227,116.49585723877,27.270540237427
1718938252,"2024-06-21 02:50:52",B1151,FM9303,10393.68,814.88,227,116.47229766846,27.250469207764
1718938266,"2024-06-21 02:51:06",B1151,FM9303,10393.68,814.88,228,116.44071960449,27.224489212036
1718938281,"2024-06-21 02:51:21",B1151,FM9303,10401.3,814.88,228,116.42153930664,27.208850860596
1718938296,"2024-06-21 02:51:36",B1151,FM9303,10393.68,814.88,228,116.39279174805,27.185350418091
1718938311,"2024-06-21 02:51:51",B1151,FM9303,10393.68,814.88,228,116.36366271973,27.161500930786
1718938326,"2024-06-21 02:52:06",B1151,FM9303,10393.68,814.88,228,116.34558105469,27.146579742432
1718938337,"2024-06-21 02:52:17",B1151,FM9303,10393.68,816.732,228,116.3236618042,27.128410339355
1718938351,"2024-06-21 02:52:31",B1151,FM9303,10393.68,816.732,228,116.29723358154,27.106479644775
1718938362,"2024-06-21 02:52:42",B1151,FM9303,10393.68,813.028,228,116.27996826172,27.092100143433
1718938376,"2024-06-21 02:52:56",B1151,FM9303,10393.68,811.176,228,116.25985717773,27.075489044189
1718938391,"2024-06-21 02:53:11",B1151,FM9303,10393.68,811.176,228,116.22911834717,27.050020217896
1718938406,"2024-06-21 02:53:26",B1151,FM9303,10393.68,805.62,228,116.20513916016,27.030090332031
1718938421,"2024-06-21 02:53:41",B1151,FM9303,10393.68,805.62,228,116.18099212646,27.010070800781
1718938439,"2024-06-21 02:53:59",B1151,FM9303,10393.68,805.62,228,116.15979003906,26.992490768433
1718938451,"2024-06-21 02:54:11",B1151,FM9303,10393.68,803.768,228,116.13378143311,26.970840454102
1718938467,"2024-06-21 02:54:27",B1151,FM9303,10393.68,801.916,228,116.10836791992,26.949699401855
1718938481,"2024-06-21 02:54:41",B1151,FM9303,10393.68,801.916,228,116.08154296875,26.927440643311
1718938492,"2024-06-21 02:54:52",B1151,FM9303,10393.68,801.916,228,116.07203674316,26.919580459595
1718938506,"2024-06-21 02:55:06",B1151,FM9303,10393.68,801.916,228,116.04754638672,26.899150848389
1718938521,"2024-06-21 02:55:21",B1151,FM9303,10393.68,800.064,227,116.02339172363,26.878889083862
1718938536,"2024-06-21 02:55:36",B1151,FM9303,10393.68,800.064,227,115.99816131592,26.857820510864
1718938549,"2024-06-21 02:55:49",B1151,FM9303,10393.68,800.064,227,115.98229980469,26.84449005127
1718938561,"2024-06-21 02:56:01",B1151,FM9303,10393.68,798.212,228,115.95343780518,26.820470809937
1718938581,"2024-06-21 02:56:21",B1151,FM9303,10393.68,796.36,228,115.92156982422,26.793960571289
1718938596,"2024-06-21 02:56:36",B1151,FM9303,10393.68,796.36,227,115.89965057373,26.775650024414
1718938611,"2024-06-21 02:56:51",B1151,FM9303,10393.68,798.212,228,115.87415313721,26.754550933838
1718938626,"2024-06-21 02:57:06",B1151,FM9303,10393.68,796.36,228,115.84866333008,26.73365020752
1718938642,"2024-06-21 02:57:22",B1151,FM9303,10393.68,798.212,228,115.82135772705,26.711349487305
1718938656,"2024-06-21 02:57:36",B1151,FM9303,10393.68,798.212,228,115.79505157471,26.689649581909
1718938671,"2024-06-21 02:57:51",B1151,FM9303,10393.68,800.064,228,115.77017974854,26.669080734253
1718938682,"2024-06-21 02:58:02",B1151,FM9303,10393.68,798.212,228,115.75438690186,26.65604019165
1718938696,"2024-06-21 02:58:16",B1151,FM9303,10393.68,798.212,228,115.73500061035,26.640079498291
1718938711,"2024-06-21 02:58:31",B1151,FM9303,10393.68,801.916,228,115.70702362061,26.616939544678
1718938726,"2024-06-21 02:58:46",B1151,FM9303,10393.68,801.916,228,115.68202209473,26.59635925293
1718938741,"2024-06-21 02:59:01",B1151,FM9303,10393.68,803.768,228,115.65529632568,26.574329376221
1718938757,"2024-06-21 02:59:17",B1151,FM9303,10393.68,803.768,227,115.63130950928,26.554460525513
1718938771,"2024-06-21 02:59:31",B1151,FM9303,10393.68,803.768,228,115.61234283447,26.538709640503
1718938786,"2024-06-21 02:59:46",B1151,FM9303,10393.68,805.62,228,115.58811187744,26.518579483032
1718938797,"2024-06-21 02:59:57",B1151,FM9303,10393.68,805.62,228,115.57032012939,26.503829956055
1718938811,"2024-06-21 03:00:11",B1151,FM9303,10393.68,811.176,228,115.54225921631,26.480449676514
1718938826,"2024-06-21 03:00:26",B1151,FM9303,10393.68,813.028,228,115.51696014404,26.459449768066
1718938842,"2024-06-21 03:00:42",B1151,FM9303,10393.68,814.88,228,115.48947143555,26.436630249023
1718938857,"2024-06-21 03:00:57",B1151,FM9303,10393.68,814.88,228,115.46424102783,26.415710449219
1718938871,"2024-06-21 03:01:11",B1151,FM9303,10393.68,818.584,228,115.43978118896,26.395429611206
1718938886,"2024-06-21 03:01:26",B1151,FM9303,10393.68,820.436,228,115.41526031494,26.375059127808
1718938901,"2024-06-21 03:01:41",B1151,FM9303,10393.68,820.436,228,115.39479064941,26.358020782471
1718938916,"2024-06-21 03:01:56",B1151,FM9303,10393.68,822.288,228,115.36826324463,26.335969924927
1718938937,"2024-06-21 03:02:17",B1151,FM9303,10393.68,824.14,228,115.33815002441,26.310840606689
1718938951,"2024-06-21 03:02:31",B1151,FM9303,10393.68,824.14,228,115.31323242188,26.290010452271
1718938966,"2024-06-21 03:02:46",B1151,FM9303,10393.68,824.14,228,115.28582763672,26.267150878906
1718938981,"2024-06-21 03:03:01",B1151,FM9303,10393.68,824.14,228,115.25631713867,26.242490768433
1718938996,"2024-06-21 03:03:16",B1151,FM9303,10393.68,825.992,228,115.23232269287,26.222459793091
1718939011,"2024-06-21 03:03:31",B1151,FM9303,10393.68,827.844,228,115.20610809326,26.200519561768
1718939026,"2024-06-21 03:03:46",B1151,FM9303,10393.68,827.844,228,115.18013763428,26.178789138794
1718939046,"2024-06-21 03:04:06",B1151,FM9303,10393.68,827.844,228,115.15325164795,26.156339645386
1718939061,"2024-06-21 03:04:21",B1151,FM9303,10393.68,827.844,228,115.1273727417,26.134660720825
1718939072,"2024-06-21 03:04:32",B1151,FM9303,10393.68,827.844,228,115.11083984375,26.120790481567
1718939086,"2024-06-21 03:04:46",B1151,FM9303,10393.68,827.844,228,115.08567047119,26.099670410156
1718939102,"2024-06-21 03:05:02",B1151,FM9303,10393.68,827.844,227,115.06024169922,26.078329086304
1718939116,"2024-06-21 03:05:16",B1151,FM9303,10393.68,827.844,228,115.0338973999,26.056179046631
1718939131,"2024-06-21 03:05:31",B1151,FM9303,10393.68,827.844,228,115.00852966309,26.034900665283
1718939146,"2024-06-21 03:05:46",B1151,FM9303,10393.68,829.696,228,114.98332214355,26.013750076294
1718939162,"2024-06-21 03:06:02",B1151,FM9303,10393.68,827.844,228,114.95741271973,25.992000579834
1718939176,"2024-06-21 03:06:16",B1151,FM9303,10393.68,829.696,227,114.92977142334,25.96875
1718939191,"2024-06-21 03:06:31",B1151,FM9303,10393.68,829.696,227,114.90283966064,25.94607925415
1718939206,"2024-06-21 03:06:46",B1151,FM9303,10393.68,831.548,228,114.87590026855,25.923389434814
1718939217,"2024-06-21 03:06:57",B1151,FM9303,10393.68,831.548,227,114.860206604,25.910089492798
1718939236,"2024-06-21 03:07:16",B1151,FM9303,10393.68,831.548,227,114.83335113525,25.887449264526
1718939251,"2024-06-21 03:07:31",B1151,FM9303,10393.68,833.4,217,114.80882263184,25.862510681152
1718939266,"2024-06-21 03:07:46",B1151,FM9303,10393.68,833.4,208,114.79054260254,25.834629058838
1718939281,"2024-06-21 03:08:01",B1151,FM9303,10393.68,833.4,200,114.77641296387,25.803819656372
1718939297,"2024-06-21 03:08:17",B1151,FM9303,10393.68,835.252,193,114.76753997803,25.774669647217
1718939311,"2024-06-21 03:08:31",B1151,FM9303,10393.68,837.104,190,114.76155853271,25.742799758911
1718939331,"2024-06-21 03:08:51",B1151,FM9303,10393.68,837.104,190,114.75479125977,25.705450057983
1718939346,"2024-06-21 03:09:06",B1151,FM9303,10393.68,837.104,190,114.74742126465,25.665660858154
1718939362,"2024-06-21 03:09:22",B1151,FM9303,10393.68,837.104,190,114.74172210693,25.634540557861
1718939381,"2024-06-21 03:09:41",B1151,FM9303,10370.82,837.104,190,114.7357711792,25.601720809937
1718939396,"2024-06-21 03:09:56",B1151,FM9303,10294.62,835.252,190,114.72991943359,25.569530487061
1718939415,"2024-06-21 03:10:15",B1151,FM9303,10195.56,833.4,190,114.72203826904,25.525899887085
1718939430,"2024-06-21 03:10:30",B1151,FM9303,10126.98,829.696,190,114.71691131592,25.497079849243
1718939450,"2024-06-21 03:10:50",B1151,FM9303,10035.54,827.844,189,114.71028900146,25.458980560303
1718939465,"2024-06-21 03:11:05",B1151,FM9303,9936.48,825.992,189,114.70529937744,25.430330276489
1718939480,"2024-06-21 03:11:20",B1151,FM9303,9768.84,835.252,190,114.69940185547,25.397830963135
1718939495,"2024-06-21 03:11:35",B1151,FM9303,9608.82,837.104,189,114.69352722168,25.365430831909
1718939533,"2024-06-21 03:12:13",B1151,FM9303,9182.1,842.66,190,114.68079376221,25.295280456543
1718939546,"2024-06-21 03:12:26",B1151,FM9303,9067.8,844.512,189,114.67646026611,25.271350860596
1718939580,"2024-06-21 03:13:00",B1151,FM9303,8724.9,827.844,190,114.66187286377,25.189830780029
1718939601,"2024-06-21 03:13:21",B1151,FM9303,8519.16,827.844,190,114.65469360352,25.149259567261
1718939612,"2024-06-21 03:13:32",B1151,FM9303,8389.62,824.14,190,114.65022277832,25.123670578003
1718939656,"2024-06-21 03:14:16",B1151,FM9303,8534.4,822.288,189,114.63623046875,25.044849395752
1718939676,"2024-06-21 03:14:36",B1151,FM9303,8305.8,824.14,189,114.62880706787,25.004140853882
1718939687,"2024-06-21 03:14:47",B1151,FM9303,8176.26,822.288,189,114.62474060059,24.981580734253
1718939701,"2024-06-21 03:15:01",B1151,FM9303,7993.38,816.732,189,114.61908721924,24.949769973755
1718939715,"2024-06-21 03:15:15",B1151,FM9303,7879.08,813.028,189,114.6153793335,24.928939819336
1718939731,"2024-06-21 03:15:31",B1151,FM9303,7696.2,805.62,189,114.61000061035,24.898880004883
1718939750,"2024-06-21 03:15:50",B1151,FM9303,7467.6,796.36,189,114.60315704346,24.860010147095
1718939765,"2024-06-21 03:16:05",B1151,FM9303,7277.1,787.1,194,114.59517669678,24.826770782471
1718939779,"2024-06-21 03:16:19",B1151,FM9303,7124.7,779.692,198,114.58637237549,24.802099227905
1718939790,"2024-06-21 03:16:30",B1151,FM9303,6972.3,768.58,204,114.57737731934,24.782230377197
1718939804,"2024-06-21 03:16:44",B1151,FM9303,6797.04,759.32,206,114.56356048584,24.755830764771
1718939819,"2024-06-21 03:16:59",B1151,FM9303,6614.16,755.616,205,114.54926300049,24.728410720825
1718939839,"2024-06-21 03:17:19",B1151,FM9303,6423.66,751.912,205,114.53517150879,24.701320648193
1718939869,"2024-06-21 03:17:49",B1151,FM9303,5623.56,735.244,206,114.49997711182,24.633630752563
1718939906,"2024-06-21 03:18:26",B1151,FM9303,5615.94,718.576,205,114.47422027588,24.584419250488
1718939989,"2024-06-21 03:19:49",B1151,FM9303,4808.22,681.536,205,114.407371521,24.456310272217
1718940002,"2024-06-21 03:20:02",B1151,FM9303,4747.26,677.832,205,114.39804077148,24.438400268555
1718940022,"2024-06-21 03:20:22",B1151,FM9303,4632.96,681.536,205,114.38105010986,24.405620574951
1718940048,"2024-06-21 03:20:48",B1151,FM9303,4465.32,672.276,205,114.3570022583,24.359439849854
1718940062,"2024-06-21 03:21:02",B1151,FM9303,4434.84,674.128,205,114.34941864014,24.344789505005
1718940078,"2024-06-21 03:21:18",B1151,FM9303,4434.84,672.276,205,114.33477020264,24.316499710083
1718940093,"2024-06-21 03:21:33",B1151,FM9303,4434.84,670.424,206,114.32496643066,24.297750473022
1718940108,"2024-06-21 03:21:48",B1151,FM9303,4434.84,670.424,205,114.31163024902,24.271999359131
1718940123,"2024-06-21 03:22:03",B1151,FM9303,4434.84,668.572,205,114.29958343506,24.248920440674
1718940138,"2024-06-21 03:22:18",B1151,FM9303,4434.84,668.572,206,114.28701019287,24.224670410156
1718940153,"2024-06-21 03:22:33",B1151,FM9303,4434.84,672.276,205,114.27590179443,24.20325088501
1718940167,"2024-06-21 03:22:47",B1151,FM9303,4434.84,672.276,205,114.26998901367,24.191799163818
1718940175,"2024-06-21 03:22:55",B1151,FM9303,4198.62,672.276,205.37685,114.24578857422,24.145156860352
1718940230,"2024-06-21 03:23:50",B1151,FM9303,3985.26,666.72,216,114.21214294434,24.090089797974
1718940249,"2024-06-21 03:24:09",B1151,FM9303,3886.2,666.72,223,114.19188690186,24.067890167236
1718940274,"2024-06-21 03:24:34",B1151,FM9303,3718.56,614.864,229,114.13282012939,24.019418716431
1718940294,"2024-06-21 03:24:54",B1151,FM9303,3703.32,607.456,229,114.12545776367,24.013553619385
1718940307,"2024-06-21 03:25:07",B1151,FM9303,3604.26,572.268,227,114.09200286865,23.986953735352
1718940328,"2024-06-21 03:25:28",B1151,FM9303,3505.2,553.748,221.0076,114.06985473633,23.965696334839
1718940348,"2024-06-21 03:25:48",B1151,FM9303,3459.48,553.748,221.0076,114.06156158447,23.956480026245
1718940370,"2024-06-21 03:26:10",B1151,FM9303,3276.6,533.376,211.54369,114.03417205811,23.919342041016
1718940400,"2024-06-21 03:26:40",B1151,FM9303,3139.44,522.264,214,114.01937866211,23.897220611572
1718940431,"2024-06-21 03:27:11",B1151,FM9303,2933.7,522.264,240,113.98391723633,23.873609542847
1718940450,"2024-06-21 03:27:30",B1151,FM9303,2880.36,520.412,254,113.9616394043,23.866840362549
1718940485,"2024-06-21 03:28:05",B1151,FM9303,2766.06,514.856,240,113.91496276855,23.846900939941
1718940502,"2024-06-21 03:28:22",B1151,FM9303,2697.48,511.152,247,113.89567565918,23.837446212769
1718940549,"2024-06-21 03:29:09",B1151,FM9303,2446.02,509.3,255,113.83067321777,23.819919586182
1718940577,"2024-06-21 03:29:37",B1151,FM9303,2316.48,507.448,254,113.79683685303,23.810810089111
1718940592,"2024-06-21 03:29:52",B1151,FM9303,2247.9,503.744,255,113.77807617188,23.805950164795
1718940617,"2024-06-21 03:30:17",B1151,FM9303,2103.12,507.448,256,113.7405166626,23.796529769897
1718940641,"2024-06-21 03:30:41",B1151,FM9303,1973.58,490.78,256,113.70977020264,23.788829803467
1718940652,"2024-06-21 03:30:52",B1151,FM9303,1920.24,485.224,255,113.69512939453,23.785120010376
1718940680,"2024-06-21 03:31:20",B1151,FM9303,1813.56,468.556,256,113.66281890869,23.776979446411
1718940691,"2024-06-21 03:31:31",B1151,FM9303,1790.7,448.184,256,113.64656829834,23.772920608521
1718940706,"2024-06-21 03:31:46",B1151,FM9303,1744.98,433.368,256,113.63179779053,23.769290924072
1718940721,"2024-06-21 03:32:01",B1151,FM9303,1676.4,427.812,256,113.6157913208,23.765380859375
1718940735,"2024-06-21 03:32:15",B1151,FM9303,1600.2,422.256,256,113.59774780273,23.761100769043
1718940746,"2024-06-21 03:32:26",B1151,FM9303,1546.86,420.404,256,113.58631896973,23.758350372314
1718940761,"2024-06-21 03:32:41",B1151,FM9303,1493.52,422.256,256,113.56964111328,23.754320144653
1718940775,"2024-06-21 03:32:55",B1151,FM9303,1424.94,422.256,256,113.55255126953,23.750200271606
1718940793,"2024-06-21 03:33:13",B1151,FM9303,1363.98,422.256,256,113.53546142578,23.746019363403
1718940856,"2024-06-21 03:34:16",B1151,FM9303,1150.62,414.848,256,113.46221923828,23.728500366211
1718940960,"2024-06-21 03:36:00",B1151,FM9303,982.98,351.88,225,113.38842010498,23.66780090332
1718940973,"2024-06-21 03:36:13",B1151,FM9303,982.98,327.804,196,113.38554382324,23.658409118652
1718940988,"2024-06-21 03:36:28",B1151,FM9303,982.98,331.508,195,113.38242340088,23.646650314331
1718941003,"2024-06-21 03:36:43",B1151,FM9303,982.98,331.508,194,113.37911224365,23.634059906006
1718941018,"2024-06-21 03:36:58",B1151,FM9303,982.98,327.804,193,113.3762588501,23.622329711914
1718941033,"2024-06-21 03:37:13",B1151,FM9303,982.98,327.804,196,113.37274169922,23.610410690308
1718941048,"2024-06-21 03:37:28",B1151,FM9303,982.98,329.656,195,113.3695526123,23.598039627075
1718941063,"2024-06-21 03:37:43",B1151,FM9303,982.98,331.508,194,113.36611175537,23.585779190063
1718941078,"2024-06-21 03:37:58",B1151,FM9303,982.98,329.656,196,113.36279296875,23.573219299316
1718941093,"2024-06-21 03:38:13",B1151,FM9303,982.98,303.728,195,113.3595199585,23.561479568481
1718941113,"2024-06-21 03:38:33",B1151,FM9303,929.64,281.504,195,113.3565826416,23.550289154053
1718941128,"2024-06-21 03:38:48",B1151,FM9303,845.82,275.948,195,113.35327148438,23.537790298462
1718941144,"2024-06-21 03:39:04",B1151,FM9303,800.1,270.392,195,113.35104370117,23.529560089111
1718941158,"2024-06-21 03:39:18",B1151,FM9303,754.38,274.096,195,113.34819030762,23.51902961731
1718941173,"2024-06-21 03:39:33",B1151,FM9303,685.8,285.208,195,113.34484863281,23.506759643555
1718941185,"2024-06-21 03:39:45",B1151,FM9303,640.08,281.504,195,113.34320068359,23.500869750977
1718941197,"2024-06-21 03:39:57",B1151,FM9303,586.74,275.948,195,113.34060668945,23.491329193115
1718941212,"2024-06-21 03:40:12",B1151,FM9303,533.4,272.244,194,113.33791351318,23.481309890747
1718941232,"2024-06-21 03:40:32",B1151,FM9303,464.82,272.244,195,113.3349609375,23.470430374146
1718941247,"2024-06-21 03:40:47",B1151,FM9303,411.48,275.948,195,113.33210754395,23.459720611572
1718941266,"2024-06-21 03:41:06",B1151,FM9303,335.28,279.652,196,113.32856750488,23.446929931641
1718941278,"2024-06-21 03:41:18",B1151,FM9303,289.56,279.652,195,113.32637023926,23.438919067383
1718941293,"2024-06-21 03:41:33",B1151,FM9303,228.6,279.652,195,113.32333374023,23.42746925354
1718941308,"2024-06-21 03:41:48",B1151,FM9303,175.26,274.096,195,113.32093048096,23.418729782104
1718941324,"2024-06-21 03:42:04",B1151,FM9303,121.92,274.096,195,113.31813049316,23.408159255981
1718941336,"2024-06-21 03:42:16",B1151,FM9303,68.58,272.244,195,113.31523132324,23.397340774536
1718941355,"2024-06-21 03:42:35",B1151,FM9303,0,159.272,194,113.31298065186,23.389099121094
1718941377,"2024-06-21 03:42:57",B1151,FM9303,0,62.968,194,113.31149291992,23.383609771729
1718941399,"2024-06-21 03:43:19",B1151,FM9303,0,38.892,219,113.31034088135,23.381729125977
1718941417,"2024-06-21 03:43:37",B1151,FM9303,0,24.076,222,113.30938720703,23.380769729614
1718941437,"2024-06-21 03:43:57",B1151,FM9303,0,18.52,241,113.30861663818,23.380079269409
1718941451,"2024-06-21 03:44:11",B1151,FM9303,0,20.372,281,113.30795288086,23.380069732666
1718941467,"2024-06-21 03:44:27",B1151,FM9303,0,22.224,284,113.30686950684,23.380300521851
1718941480,"2024-06-21 03:44:40",B1151,FM9303,0,22.224,284,113.30629730225,23.380439758301
1718941492,"2024-06-21 03:44:52",B1151,FM9303,0,22.224,284,113.30526733398,23.380680084229
1718941669,"2024-06-21 03:47:49",B1151,FM9303,0,16.668,2,113.30838775635,23.394599914551
