Time,"UTC TIME",Anum,Fnum,Height,Speed,Angle,Longitude,Latitude
1716074901,"2024-05-18 23:28:21",B20EQ,ZH5238,7.62,222.24,178,121.33229064941,31.201499938965
1716074919,"2024-05-18 23:28:39",B20EQ,ZH5238,91.44,301.876,177,121.33306121826,31.18696975708
1716074934,"2024-05-18 23:28:54",B20EQ,ZH5238,220.98,309.284,178,121.33361053467,31.177289962769
1716074949,"2024-05-18 23:29:09",B20EQ,ZH5238,403.86,307.432,180,121.33360290527,31.165557861328
1716074964,"2024-05-18 23:29:24",B20EQ,ZH5238,594,305.8,177.9,121.33383178711,31.154108047485
1716074979,"2024-05-18 23:29:39",B20EQ,ZH5238,800.1,300.024,176,121.33448791504,31.143400192261
1716074994,"2024-05-18 23:29:54",B20EQ,ZH5238,1005,307.8,177.2,121.33525848389,31.131343841553
1716075009,"2024-05-18 23:30:09",B20EQ,ZH5238,1089.66,351.88,176,121.3360824585,31.119190216064
1716075024,"2024-05-18 23:30:24",B20EQ,ZH5238,1158.24,398.18,177,121.33699035645,31.10481262207
1716075039,"2024-05-18 23:30:39",B20EQ,ZH5238,1234,454,177.9,121.33795928955,31.088928222656
1716075054,"2024-05-18 23:30:54",B20EQ,ZH5238,1356.36,492.632,202,121.33473205566,31.071119308472
1716075069,"2024-05-18 23:31:09",B20EQ,ZH5238,1577,508.9,219.8,121.3228302002,31.055603027344
1716075084,"2024-05-18 23:31:24",B20EQ,ZH5238,1798.32,524.116,249,121.30403137207,31.044979095459
1716075099,"2024-05-18 23:31:39",B20EQ,ZH5238,2026.92,535.228,271,121.28313446045,31.042053222656
1716075114,"2024-05-18 23:31:54",B20EQ,ZH5238,2247.9,540.784,283,121.25802612305,31.046060562134
1716075129,"2024-05-18 23:32:09",B20EQ,ZH5238,2468.88,546.34,282,121.23600006104,31.050016403198
1716075144,"2024-05-18 23:32:24",B20EQ,ZH5238,2613,557.6,282.5,121.21155548096,31.054531097412
1716075159,"2024-05-18 23:32:39",B20EQ,ZH5238,2697.48,559.304,282,121.18743896484,31.059139251709
1716075174,"2024-05-18 23:32:54",B20EQ,ZH5238,2773,562.3,282,121.162940979,31.063749313354
1716075189,"2024-05-18 23:33:09",B20EQ,ZH5238,2979.42,563.008,275,121.13904571533,31.067100524902
1716075204,"2024-05-18 23:33:24",B20EQ,ZH5238,3200.4,568.564,264,121.11403656006,31.066499710083
1716075219,"2024-05-18 23:33:39",B20EQ,ZH5238,3299,593,254.8,121.09098052979,31.062213897705
1716075234,"2024-05-18 23:33:54",B20EQ,ZH5238,3390.9,629.68,254,121.06437683105,31.055559158325
1716075249,"2024-05-18 23:34:09",B20EQ,ZH5238,3467,654.1,253.7,121.03842163086,31.049102783203
1716075264,"2024-05-18 23:34:24",B20EQ,ZH5238,3604.26,679.684,254,121.00858306885,31.041591644287
1716075279,"2024-05-18 23:34:39",B20EQ,ZH5238,3787.14,688.944,254,120.98182678223,31.03479385376
1716075294,"2024-05-18 23:34:54",B20EQ,ZH5238,3962.4,696.352,254,120.9514465332,31.027179718018
1716075309,"2024-05-18 23:35:09",B20EQ,ZH5238,4137.66,707.464,254,120.92156219482,31.019714355469
1716075324,"2024-05-18 23:35:24",B20EQ,ZH5238,4290,715.1,253.9,120.89553070068,31.013240814209
1716075339,"2024-05-18 23:35:39",B20EQ,ZH5238,4495.8,722.28,254,120.86301422119,31.005186080933
1716075354,"2024-05-18 23:35:54",B20EQ,ZH5238,4663.44,725.984,254,120.83307647705,30.99773979187
1716075369,"2024-05-18 23:36:09",B20EQ,ZH5238,4846.32,729.688,255,120.8004989624,30.989639282227
1716075384,"2024-05-18 23:36:24",B20EQ,ZH5238,5067.3,725.984,254,120.77001190186,30.982189178467
1716075399,"2024-05-18 23:36:39",B20EQ,ZH5238,5280.66,718.576,254,120.74018859863,30.97479057312
1716075414,"2024-05-18 23:36:54",B20EQ,ZH5238,5494.02,713.02,254,120.70991516113,30.967107772827
1716075429,"2024-05-18 23:37:09",B20EQ,ZH5238,5715,711.168,254,120.68058776855,30.959705352783
1716075444,"2024-05-18 23:37:24",B20EQ,ZH5238,5905.5,709.316,254,120.6506729126,30.952194213867
1716075459,"2024-05-18 23:37:39",B20EQ,ZH5238,6065,713.3,253.9,120.62224578857,30.945087432861
1716075474,"2024-05-18 23:37:54",B20EQ,ZH5238,6233.16,716.724,254,120.59066009521,30.937129974365
1716075489,"2024-05-18 23:38:09",B20EQ,ZH5238,6446.52,711.168,254,120.56072235107,30.92959022522
1716075504,"2024-05-18 23:38:24",B20EQ,ZH5238,6637.02,711.168,254,120.53101348877,30.92214012146
1716075519,"2024-05-18 23:38:39",B20EQ,ZH5238,6766.56,718.576,254,120.50170898438,30.914789199829
1716075534,"2024-05-18 23:38:54",B20EQ,ZH5238,6903.72,725.984,251,120.4711227417,30.906879425049
1716075549,"2024-05-18 23:39:09",B20EQ,ZH5238,7025.64,738.948,239,120.44246673584,30.894840240479
1716075564,"2024-05-18 23:39:24",B20EQ,ZH5238,7155.18,750.06,225,120.41522216797,30.875930786133
1716075578,"2024-05-18 23:39:38",B20EQ,ZH5238,7269.48,757.468,216,120.39714050293,30.85724067688
1716075593,"2024-05-18 23:39:53",B20EQ,ZH5238,7429.5,757.468,216,120.37832641602,30.834089279175
1716075608,"2024-05-18 23:40:08",B20EQ,ZH5238,7551.42,764.876,216,120.3589630127,30.810600280762
1716075623,"2024-05-18 23:40:23",B20EQ,ZH5238,7665.72,770.432,216,120.34057617188,30.788131713867
1716075638,"2024-05-18 23:40:38",B20EQ,ZH5238,7780.02,777.84,215,120.3199005127,30.762979507446
1716075653,"2024-05-18 23:40:53",B20EQ,ZH5238,7894.32,783.396,215,120.30088806152,30.739879608154
1716075668,"2024-05-18 23:41:08",B20EQ,ZH5238,8039.1,783.396,216,120.28090667725,30.715530395508
1716075683,"2024-05-18 23:41:23",B20EQ,ZH5238,8176.26,783.396,227,120.25881958008,30.693939208984
1716075698,"2024-05-18 23:41:38",B20EQ,ZH5238,8328.66,781.544,237,120.23152160645,30.675479888916
1716075713,"2024-05-18 23:41:53",B20EQ,ZH5238,8473.44,783.396,246,120.20211791992,30.661699295044
1716075728,"2024-05-18 23:42:08",B20EQ,ZH5238,8587.74,792.656,237,120.17087554932,30.647525787354
1716075743,"2024-05-18 23:42:23",B20EQ,ZH5238,8702.04,800.064,228,120.14465332031,30.629610061646
1716075758,"2024-05-18 23:42:38",B20EQ,ZH5238,8846.82,803.768,218,120.11973571777,30.606048583984
1716075773,"2024-05-18 23:42:53",B20EQ,ZH5238,9006.84,807.472,214,120.10167694092,30.583740234375
1716075788,"2024-05-18 23:43:08",B20EQ,ZH5238,9075.42,820.436,215,120.08056640625,30.557739257812
1716075803,"2024-05-18 23:43:23",B20EQ,ZH5238,9121.14,838.956,216,120.05972290039,30.53223991394
1716075818,"2024-05-18 23:43:38",B20EQ,ZH5238,9174.48,853.772,216,120.03838348389,30.506099700928
1716075833,"2024-05-18 23:43:53",B20EQ,ZH5238,9174.48,870.44,214,120.01722717285,30.479549407959
1716075848,"2024-05-18 23:44:08",B20EQ,ZH5238,9166.86,875.996,213,119.99671173096,30.451999664307
1716075863,"2024-05-18 23:44:23",B20EQ,ZH5238,9166.86,875.996,211,119.9768371582,30.4234790802
1716075878,"2024-05-18 23:44:38",B20EQ,ZH5238,9166.86,875.996,210,119.95789337158,30.394960403442
1716075893,"2024-05-18 23:44:53",B20EQ,ZH5238,9166.86,874.144,210,119.93988800049,30.367839813232
1716075908,"2024-05-18 23:45:08",B20EQ,ZH5238,9174.48,874.144,210,119.92008209229,30.338060379028
1716075923,"2024-05-18 23:45:23",B20EQ,ZH5238,9174.48,874.144,210,119.90139007568,30.309999465942
1716075938,"2024-05-18 23:45:38",B20EQ,ZH5238,9174.48,874.144,210,119.88214874268,30.28092956543
1716075953,"2024-05-18 23:45:53",B20EQ,ZH5238,9174.48,874.144,210,119.86303710938,30.252109527588
1716075968,"2024-05-18 23:46:08",B20EQ,ZH5238,9166.86,874.144,210,119.84446716309,30.224300384521
1716075983,"2024-05-18 23:46:23",B20EQ,ZH5238,9174.48,874.144,210,119.82599639893,30.196199417114
1716075998,"2024-05-18 23:46:38",B20EQ,ZH5238,9174.48,874.144,210,119.80715179443,30.167770385742
1716076013,"2024-05-18 23:46:53",B20EQ,ZH5238,9166.86,872.292,211,119.7876663208,30.138479232788
1716076028,"2024-05-18 23:47:08",B20EQ,ZH5238,9166.86,874.144,210,119.7693862915,30.111009597778
1716076043,"2024-05-18 23:47:23",B20EQ,ZH5238,9166.86,874.144,211,119.7502746582,30.082214355469
1716076058,"2024-05-18 23:47:38",B20EQ,ZH5238,9174.48,874.144,211,119.73114776611,30.053659439087
1716076073,"2024-05-18 23:47:53",B20EQ,ZH5238,9174.48,877.848,210,119.71182250977,30.025129318237
1716076088,"2024-05-18 23:48:08",B20EQ,ZH5238,9166.86,875.996,211,119.69319152832,29.997480392456
1716076103,"2024-05-18 23:48:23",B20EQ,ZH5238,9166.86,877.848,211,119.6736907959,29.968519210815
1716076118,"2024-05-18 23:48:38",B20EQ,ZH5238,9174.48,881.552,210,119.65451812744,29.939979553223
1716076133,"2024-05-18 23:48:53",B20EQ,ZH5238,9174.48,881.552,212,119.63509368896,29.911239624023
1716076148,"2024-05-18 23:49:08",B20EQ,ZH5238,9174.48,879.7,213,119.61531829834,29.883279800415
1716076163,"2024-05-18 23:49:23",B20EQ,ZH5238,9166.86,877.848,214,119.59520721436,29.856079101562
1716076178,"2024-05-18 23:49:38",B20EQ,ZH5238,9166.86,875.996,215,119.57386779785,29.828380584717
1716076193,"2024-05-18 23:49:53",B20EQ,ZH5238,9166.86,877.848,215,119.55254364014,29.801189422607
1716076208,"2024-05-18 23:50:08",B20EQ,ZH5238,9174.48,879.7,215,119.53028106689,29.772579193115
1716076223,"2024-05-18 23:50:23",B20EQ,ZH5238,9174.48,879.7,215,119.51009368896,29.746740341187
1716076238,"2024-05-18 23:50:38",B20EQ,ZH5238,9166.86,877.848,215,119.48880767822,29.719409942627
1716076253,"2024-05-18 23:50:53",B20EQ,ZH5238,9174.48,874.144,217,119.46701812744,29.69234085083
1716076268,"2024-05-18 23:51:08",B20EQ,ZH5238,9174.48,868.588,222,119.44319915771,29.666759490967
1716076283,"2024-05-18 23:51:23",B20EQ,ZH5238,9166.86,866.736,226,119.41773986816,29.643169403076
1716076294,"2024-05-18 23:51:34",B20EQ,ZH5238,9174.48,866.736,228,119.39990234375,29.628360748291
1716076308,"2024-05-18 23:51:48",B20EQ,ZH5238,9166.86,864.884,229,119.37226867676,29.60692024231
1716076323,"2024-05-18 23:52:03",B20EQ,ZH5238,9166.86,863.032,228,119.34448242188,29.585060119629
1716076338,"2024-05-18 23:52:18",B20EQ,ZH5238,9166.86,864.884,228,119.31712341309,29.563480377197
1716076353,"2024-05-18 23:52:33",B20EQ,ZH5238,9174.48,866.736,229,119.28913116455,29.541410446167
1716076368,"2024-05-18 23:52:48",B20EQ,ZH5238,9174.48,870.44,228,119.26139831543,29.519580841064
1716076383,"2024-05-18 23:53:03",B20EQ,ZH5238,9174.48,868.588,229,119.2338104248,29.497869491577
1716076398,"2024-05-18 23:53:18",B20EQ,ZH5238,9166.86,868.588,229,119.20607757568,29.476039886475
1716076413,"2024-05-18 23:53:33",B20EQ,ZH5238,9166.86,868.588,229,119.17796325684,29.453929901123
1716076428,"2024-05-18 23:53:48",B20EQ,ZH5238,9174.48,868.588,228,119.15042877197,29.432239532471
1716076443,"2024-05-18 23:54:03",B20EQ,ZH5238,9174.48,866.736,228,119.12242889404,29.410079956055
1716076458,"2024-05-18 23:54:18",B20EQ,ZH5238,9166.86,866.736,229,119.09512329102,29.388570785522
1716076473,"2024-05-18 23:54:33",B20EQ,ZH5238,9174.48,864.884,228,119.06729125977,29.366460800171
1716076488,"2024-05-18 23:54:48",B20EQ,ZH5238,9174.48,864.884,228,119.04055786133,29.345209121704
1716076503,"2024-05-18 23:55:03",B20EQ,ZH5238,9166.86,864.884,228,119.01309967041,29.323429107666
1716076518,"2024-05-18 23:55:18",B20EQ,ZH5238,9273.54,866.736,228,118.98558044434,29.30158996582
1716076533,"2024-05-18 23:55:33",B20EQ,ZH5238,9395.46,870.44,228,118.95806121826,29.279619216919
1716076548,"2024-05-18 23:55:48",B20EQ,ZH5238,9509.76,874.144,228,118.92948150635,29.256820678711
1716076563,"2024-05-18 23:56:03",B20EQ,ZH5238,9616.44,879.7,228,118.90196228027,29.235040664673
1716076578,"2024-05-18 23:56:18",B20EQ,ZH5238,9738.36,883.404,228,118.87413024902,29.212919235229
1716076593,"2024-05-18 23:56:33",B20EQ,ZH5238,9837.42,888.96,228,118.8458404541,29.190389633179
1716076608,"2024-05-18 23:56:48",B20EQ,ZH5238,9951.72,894.516,228,118.81745910645,29.167909622192
1716076623,"2024-05-18 23:57:03",B20EQ,ZH5238,10073.64,896.368,228,118.78925323486,29.145399093628
1716076638,"2024-05-18 23:57:18",B20EQ,ZH5238,10233.66,894.516,228,118.760887146,29.12273979187
1716076653,"2024-05-18 23:57:33",B20EQ,ZH5238,10408.92,887.108,228,118.73272705078,29.100170135498
1716076668,"2024-05-18 23:57:48",B20EQ,ZH5238,10561.32,883.404,228,118.70490264893,29.078199386597
1716076683,"2024-05-18 23:58:03",B20EQ,ZH5238,10713.72,883.404,228,118.67622375488,29.055179595947
1716076698,"2024-05-18 23:58:18",B20EQ,ZH5238,10858.5,881.552,228,118.64849090576,29.032749176025
1716076713,"2024-05-18 23:58:33",B20EQ,ZH5238,10972.8,879.7,228,118.62126922607,29.010889053345
1716076728,"2024-05-18 23:58:48",B20EQ,ZH5238,11003.28,877.848,228,118.59342956543,28.988729476929
1716076743,"2024-05-18 23:59:03",B20EQ,ZH5238,10995.66,877.848,228,118.56587982178,28.966739654541
1716076758,"2024-05-18 23:59:18",B20EQ,ZH5238,10995.66,877.848,228,118.53762817383,28.943990707397
1716076773,"2024-05-18 23:59:33",B20EQ,ZH5238,10995.66,874.144,228,118.50972747803,28.921779632568
1716076788,"2024-05-18 23:59:48",B20EQ,ZH5238,10995.66,868.588,228,118.4811630249,28.89879989624
1716076803,"2024-05-19 00:00:03",B20EQ,ZH5238,10995.66,868.588,228,118.45484924316,28.877660751343
1716076818,"2024-05-19 00:00:18",B20EQ,ZH5238,11003.28,866.736,228,118.4275970459,28.855640411377
1716076833,"2024-05-19 00:00:33",B20EQ,ZH5238,11003.28,866.736,228,118.40090179443,28.833990097046
1716076848,"2024-05-19 00:00:48",B20EQ,ZH5238,10995.66,868.588,228,118.37338256836,28.811550140381
1716076863,"2024-05-19 00:01:03",B20EQ,ZH5238,11003.28,868.588,228,118.3450012207,28.788600921631
1716076878,"2024-05-19 00:01:18",B20EQ,ZH5238,10995.66,868.588,228,118.31800842285,28.766910552979
1716076893,"2024-05-19 00:01:33",B20EQ,ZH5238,10995.66,868.588,228,118.29164123535,28.745639801025
1716076908,"2024-05-19 00:01:48",B20EQ,ZH5238,11003.28,863.032,228,118.26426696777,28.723520278931
1716076923,"2024-05-19 00:02:03",B20EQ,ZH5238,10995.66,859.328,228,118.23777008057,28.702060699463
1716076938,"2024-05-19 00:02:18",B20EQ,ZH5238,10995.66,853.772,228,118.2109375,28.680309295654
1716076953,"2024-05-19 00:02:33",B20EQ,ZH5238,11003.28,851.92,228,118.18305206299,28.65784072876
1716076968,"2024-05-19 00:02:48",B20EQ,ZH5238,11003.28,851.92,228,118.15663909912,28.63655090332
1716076983,"2024-05-19 00:03:03",B20EQ,ZH5238,11003.28,851.92,228,118.13023376465,28.615219116211
1716076998,"2024-05-19 00:03:18",B20EQ,ZH5238,10995.66,855.624,228,118.10234069824,28.592700958252
1716077013,"2024-05-19 00:03:33",B20EQ,ZH5238,11003.28,855.624,228,118.07679748535,28.571899414062
1716077028,"2024-05-19 00:03:48",B20EQ,ZH5238,10995.66,853.772,228,118.04984283447,28.549989700317
1716077043,"2024-05-19 00:04:03",B20EQ,ZH5238,11003.28,850.068,228,118.02300262451,28.528099060059
1716077058,"2024-05-19 00:04:18",B20EQ,ZH5238,10995.66,850.068,228,117.99671936035,28.506679534912
1716077073,"2024-05-19 00:04:33",B20EQ,ZH5238,11003.28,848.216,227,117.97045135498,28.485120773315
1716077088,"2024-05-19 00:04:48",B20EQ,ZH5238,10995.66,846.364,228,117.94389343262,28.463300704956
1716077103,"2024-05-19 00:05:03",B20EQ,ZH5238,10995.66,846.364,227,117.91705322266,28.441270828247
1716077117,"2024-05-19 00:05:17",B20EQ,ZH5238,11003.28,844.512,227,117.89256286621,28.420650482178
1716077132,"2024-05-19 00:05:32",B20EQ,ZH5238,11003.28,844.512,227,117.86724090576,28.399019241333
1716077147,"2024-05-19 00:05:47",B20EQ,ZH5238,10995.66,846.364,227,117.84082794189,28.376819610596
1716077162,"2024-05-19 00:06:02",B20EQ,ZH5238,11003.28,844.512,226,117.81507110596,28.354919433594
1716077177,"2024-05-19 00:06:17",B20EQ,ZH5238,10988.04,842.66,228,117.78939056396,28.333099365234
1716077192,"2024-05-19 00:06:32",B20EQ,ZH5238,10995.66,829.696,239,117.76003265381,28.313770294189
1716077206,"2024-05-19 00:06:46",B20EQ,ZH5238,11003.28,829.696,244,117.73126983643,28.300689697266
1716077221,"2024-05-19 00:07:01",B20EQ,ZH5238,11003.28,835.252,240,117.69998168945,28.285329818726
1716077236,"2024-05-19 00:07:16",B20EQ,ZH5238,10995.66,838.956,237,117.66966247559,28.268060684204
1716077251,"2024-05-19 00:07:31",B20EQ,ZH5238,11003.28,846.364,233,117.6423034668,28.250459671021
1716077266,"2024-05-19 00:07:46",B20EQ,ZH5238,10995.66,850.068,229,117.61267852783,28.228860855103
1716077281,"2024-05-19 00:08:01",B20EQ,ZH5238,11003.28,853.772,226,117.5863494873,28.206750869751
1716077296,"2024-05-19 00:08:16",B20EQ,ZH5238,10988.04,850.068,227,117.56147766113,28.185609817505
1716077311,"2024-05-19 00:08:31",B20EQ,ZH5238,10995.66,850.068,227,117.5358581543,28.163770675659
1716077326,"2024-05-19 00:08:46",B20EQ,ZH5238,11003.28,848.216,226,117.50901031494,28.140970230103
1716077341,"2024-05-19 00:09:01",B20EQ,ZH5238,11003.28,848.216,227,117.48155975342,28.117540359497
1716077356,"2024-05-19 00:09:16",B20EQ,ZH5238,11010.9,846.364,227,117.45758056641,28.097120285034
1716077367,"2024-05-19 00:09:27",B20EQ,ZH5238,11003.28,844.512,227,117.4402923584,28.082450866699
1716077382,"2024-05-19 00:09:42",B20EQ,ZH5238,10988.04,844.512,226,117.41239929199,28.058759689331
1716077396,"2024-05-19 00:09:56",B20EQ,ZH5238,10911.84,844.512,227,117.38892364502,28.038619995117
1716077411,"2024-05-19 00:10:11",B20EQ,ZH5238,10805.16,850.068,227,117.36316680908,28.016670227051
1716077426,"2024-05-19 00:10:26",B20EQ,ZH5238,10721.34,848.216,226,117.33387756348,27.991529464722
1716077441,"2024-05-19 00:10:41",B20EQ,ZH5238,10652.76,848.216,226,117.31195831299,27.972539901733
1716077456,"2024-05-19 00:10:56",B20EQ,ZH5238,10546.08,851.92,227,117.28427886963,27.948850631714
1716077471,"2024-05-19 00:11:11",B20EQ,ZH5238,10477.5,850.068,226,117.25821685791,27.926469802856
1716077486,"2024-05-19 00:11:26",B20EQ,ZH5238,10401.3,848.216,226,117.23330688477,27.904989242554
1716077501,"2024-05-19 00:11:41",B20EQ,ZH5238,10355.58,848.216,226,117.20864868164,27.883630752563
1716077516,"2024-05-19 00:11:56",B20EQ,ZH5238,10248.9,846.364,226,117.18183135986,27.860319137573
1716077531,"2024-05-19 00:12:11",B20EQ,ZH5238,10180.32,844.512,227,117.15724945068,27.839220046997
1716077546,"2024-05-19 00:12:26",B20EQ,ZH5238,10081.26,846.364,227,117.13130950928,27.817060470581
1716077561,"2024-05-19 00:12:41",B20EQ,ZH5238,9997.44,848.216,227,117.10549926758,27.794950485229
1716077576,"2024-05-19 00:12:56",B20EQ,ZH5238,9921.24,842.66,226,117.07984924316,27.772890090942
1716077591,"2024-05-19 00:13:11",B20EQ,ZH5238,9791.7,842.66,227,117.05425262451,27.750869750977
1716077606,"2024-05-19 00:13:26",B20EQ,ZH5238,9662.16,840.808,226,117.02864837646,27.728849411011
1716077621,"2024-05-19 00:13:41",B20EQ,ZH5238,9547.86,840.808,226,117.00292205811,27.706769943237
1716077636,"2024-05-19 00:13:56",B20EQ,ZH5238,9433.56,837.104,226,116.97618865967,27.683639526367
1716077651,"2024-05-19 00:14:11",B20EQ,ZH5238,9311.64,835.252,226,116.95188903809,27.662549972534
1716077666,"2024-05-19 00:14:26",B20EQ,ZH5238,9182.1,835.252,226,116.9256362915,27.639739990234
1716077681,"2024-05-19 00:14:41",B20EQ,ZH5238,9075.42,831.548,226,116.90219116211,27.619300842285
1716077696,"2024-05-19 00:14:56",B20EQ,ZH5238,8930.64,829.696,226,116.86913299561,27.590490341187
1716077711,"2024-05-19 00:15:11",B20EQ,ZH5238,8839.2,825.992,227,116.85015869141,27.573959350586
1716077726,"2024-05-19 00:15:26",B20EQ,ZH5238,8732.52,822.288,227,116.82666015625,27.5539894104
1716077741,"2024-05-19 00:15:41",B20EQ,ZH5238,8602.98,820.436,227,116.79653930664,27.528120040894
1716077756,"2024-05-19 00:15:56",B20EQ,ZH5238,8503.92,820.436,227,116.77674865723,27.511209487915
1716077771,"2024-05-19 00:16:11",B20EQ,ZH5238,8412.48,816.732,227,116.75086212158,27.489099502563
1716077786,"2024-05-19 00:16:26",B20EQ,ZH5238,8404.86,813.028,227,116.72486877441,27.466869354248
1716077801,"2024-05-19 00:16:41",B20EQ,ZH5238,8412.48,813.028,227,116.7020111084,27.447460174561
1716077816,"2024-05-19 00:16:56",B20EQ,ZH5238,8412.48,813.028,227,116.67723846436,27.426319122314
1716077831,"2024-05-19 00:17:11",B20EQ,ZH5238,8412.48,813.028,227,116.65093231201,27.403949737549
1716077846,"2024-05-19 00:17:26",B20EQ,ZH5238,8412.48,814.88,227,116.62679290771,27.383279800415
1716077861,"2024-05-19 00:17:41",B20EQ,ZH5238,8412.48,816.732,227,116.60270690918,27.36256980896
1716077876,"2024-05-19 00:17:56",B20EQ,ZH5238,8412.48,816.732,227,116.5774307251,27.340900421143
1716077891,"2024-05-19 00:18:11",B20EQ,ZH5238,8412.48,816.732,227,116.55328369141,27.320209503174
1716077906,"2024-05-19 00:18:26",B20EQ,ZH5238,8404.86,813.028,227,116.52855682373,27.298969268799
1716077921,"2024-05-19 00:18:41",B20EQ,ZH5238,8404.86,811.176,227,116.50395202637,27.277820587158
1716077936,"2024-05-19 00:18:56",B20EQ,ZH5238,8412.48,813.028,227,116.47901153564,27.25671005249
1716077951,"2024-05-19 00:19:11",B20EQ,ZH5238,8412.48,811.176,228,116.45420074463,27.236019134521
1716077966,"2024-05-19 00:19:26",B20EQ,ZH5238,8404.86,811.176,228,116.4289932251,27.215230941772
1716077981,"2024-05-19 00:19:41",B20EQ,ZH5238,8412.48,809.324,228,116.40440368652,27.195049285889
1716077996,"2024-05-19 00:19:56",B20EQ,ZH5238,8404.86,807.472,228,116.37954711914,27.174640655518
1716078011,"2024-05-19 00:20:11",B20EQ,ZH5238,8404.86,805.62,228,116.35382080078,27.153400421143
1716078026,"2024-05-19 00:20:26",B20EQ,ZH5238,8412.48,805.62,227,116.32874298096,27.132480621338
1716078041,"2024-05-19 00:20:41",B20EQ,ZH5238,8412.48,811.176,228,116.30319213867,27.111150741577
1716078056,"2024-05-19 00:20:56",B20EQ,ZH5238,8412.48,811.176,228,116.27851867676,27.09063911438
1716078071,"2024-05-19 00:21:11",B20EQ,ZH5238,8404.86,811.176,228,116.25489044189,27.071039199829
1716078086,"2024-05-19 00:21:26",B20EQ,ZH5238,8404.86,813.028,228,116.22949981689,27.050079345703
1716078100,"2024-05-19 00:21:40",B20EQ,ZH5238,8404.86,813.028,228,116.20601654053,27.030759811401
1716078115,"2024-05-19 00:21:55",B20EQ,ZH5238,8412.48,814.88,228,116.18141937256,27.010400772095
1716078130,"2024-05-19 00:22:10",B20EQ,ZH5238,8412.48,814.88,228,116.15596008301,26.989309310913
1716078145,"2024-05-19 00:22:25",B20EQ,ZH5238,8404.86,818.584,228,116.12595367432,26.964389801025
1716078160,"2024-05-19 00:22:40",B20EQ,ZH5238,8412.48,820.436,227,116.1031036377,26.945390701294
1716078175,"2024-05-19 00:22:55",B20EQ,ZH5238,8412.48,822.288,228,116.07874298096,26.925020217896
1716078190,"2024-05-19 00:23:10",B20EQ,ZH5238,8412.48,824.14,228,116.05481719971,26.90505027771
1716078205,"2024-05-19 00:23:25",B20EQ,ZH5238,8404.86,824.14,227,116.02945709229,26.883920669556
1716078220,"2024-05-19 00:23:40",B20EQ,ZH5238,8412.48,824.14,227,116.00489807129,26.863340377808
1716078235,"2024-05-19 00:23:55",B20EQ,ZH5238,8404.86,824.14,228,115.979347229,26.842210769653
1716078250,"2024-05-19 00:24:10",B20EQ,ZH5238,8412.48,820.436,228,115.95319366455,26.820560455322
1716078265,"2024-05-19 00:24:25",B20EQ,ZH5238,8404.86,822.288,228,115.92768096924,26.79919052124
1716078280,"2024-05-19 00:24:40",B20EQ,ZH5238,8412.48,825.992,228,115.90286254883,26.77853012085
1716078295,"2024-05-19 00:24:55",B20EQ,ZH5238,8412.48,827.844,228,115.87773132324,26.75779914856
1716078310,"2024-05-19 00:25:10",B20EQ,ZH5238,8404.86,827.844,228,115.84912109375,26.734270095825
1716078325,"2024-05-19 00:25:25",B20EQ,ZH5238,8412.48,827.844,228,115.8253326416,26.714630126953
1716078340,"2024-05-19 00:25:40",B20EQ,ZH5238,8412.48,829.696,228,115.79946899414,26.693210601807
1716078355,"2024-05-19 00:25:55",B20EQ,ZH5238,8412.48,829.696,228,115.77423858643,26.672420501709
1716078370,"2024-05-19 00:26:10",B20EQ,ZH5238,8412.48,829.696,228,115.75039672852,26.652740478516
1716078385,"2024-05-19 00:26:25",B20EQ,ZH5238,8404.86,827.844,228,115.72470092773,26.631559371948
1716078400,"2024-05-19 00:26:40",B20EQ,ZH5238,8404.86,829.696,228,115.69676208496,26.608560562134
1716078415,"2024-05-19 00:26:55",B20EQ,ZH5238,8412.48,829.696,228,115.67320251465,26.589149475098
1716078430,"2024-05-19 00:27:10",B20EQ,ZH5238,8412.48,829.696,228,115.64530944824,26.566059112549
1716078445,"2024-05-19 00:27:25",B20EQ,ZH5238,8412.48,827.844,228,115.62239837646,26.547039031982
1716078460,"2024-05-19 00:27:40",B20EQ,ZH5238,8404.86,827.844,228,115.59690093994,26.525890350342
1716078475,"2024-05-19 00:27:55",B20EQ,ZH5238,8404.86,827.844,228,115.57131195068,26.50465965271
1716078490,"2024-05-19 00:28:10",B20EQ,ZH5238,8404.86,829.696,228,115.54585266113,26.483470916748
1716078505,"2024-05-19 00:28:25",B20EQ,ZH5238,8404.86,829.696,228,115.51970672607,26.461740493774
1716078520,"2024-05-19 00:28:40",B20EQ,ZH5238,8412.48,829.696,228,115.49420166016,26.440599441528
1716078535,"2024-05-19 00:28:55",B20EQ,ZH5238,8404.86,829.696,228,115.46836853027,26.419090270996
1716078550,"2024-05-19 00:29:10",B20EQ,ZH5238,8404.86,831.548,228,115.44380950928,26.39879989624
1716078565,"2024-05-19 00:29:25",B20EQ,ZH5238,8412.48,831.548,228,115.41784667969,26.377210617065
1716078580,"2024-05-19 00:29:40",B20EQ,ZH5238,8412.48,827.844,228,115.39143371582,26.355150222778
1716078595,"2024-05-19 00:29:55",B20EQ,ZH5238,8404.86,827.844,228,115.36759185791,26.335210800171
1716078610,"2024-05-19 00:30:10",B20EQ,ZH5238,8404.86,827.844,228,115.34043121338,26.312480926514
1716078625,"2024-05-19 00:30:25",B20EQ,ZH5238,8412.48,827.844,228,115.31468200684,26.291109085083
1716078640,"2024-05-19 00:30:40",B20EQ,ZH5238,8404.86,827.844,228,115.29193115234,26.272289276123
1716078655,"2024-05-19 00:30:55",B20EQ,ZH5238,8404.86,827.844,228,115.2659072876,26.250600814819
1716078670,"2024-05-19 00:31:10",B20EQ,ZH5238,8412.48,829.696,228,115.24108886719,26.2297706604
1716078685,"2024-05-19 00:31:25",B20EQ,ZH5238,8412.48,829.696,228,115.21537017822,26.20825958252
1716078700,"2024-05-19 00:31:40",B20EQ,ZH5238,8412.48,827.844,228,115.19037628174,26.18736076355
1716078715,"2024-05-19 00:31:55",B20EQ,ZH5238,8404.86,824.14,227,115.16538238525,26.166320800781
1716078730,"2024-05-19 00:32:10",B20EQ,ZH5238,8404.86,824.14,228,115.13967895508,26.144849777222
1716078746,"2024-05-19 00:32:26",B20EQ,ZH5238,8412.48,824.14,228,115.11517333984,26.124370574951
1716078760,"2024-05-19 00:32:40",B20EQ,ZH5238,8412.48,824.14,228,115.08934020996,26.10272026062
1716078775,"2024-05-19 00:32:55",B20EQ,ZH5238,8412.48,822.288,228,115.06488800049,26.082239151001
1716078790,"2024-05-19 00:33:10",B20EQ,ZH5238,8412.48,818.584,228,115.03952789307,26.060920715332
1716078805,"2024-05-19 00:33:25",B20EQ,ZH5238,8404.86,814.88,228,115.0149230957,26.040340423584
1716078820,"2024-05-19 00:33:40",B20EQ,ZH5238,8412.48,811.176,228,114.9899597168,26.019380569458
1716078835,"2024-05-19 00:33:55",B20EQ,ZH5238,8412.48,807.472,228,114.96394348145,25.997629165649
1716078850,"2024-05-19 00:34:10",B20EQ,ZH5238,8412.48,805.62,228,114.94081115723,25.978200912476
1716078865,"2024-05-19 00:34:25",B20EQ,ZH5238,8412.48,805.62,227,114.91603851318,25.95719909668
1716078880,"2024-05-19 00:34:40",B20EQ,ZH5238,8404.86,803.768,227,114.89086914062,25.935789108276
1716078895,"2024-05-19 00:34:55",B20EQ,ZH5238,8412.48,803.768,228,114.86728668213,25.915819168091
1716078910,"2024-05-19 00:35:10",B20EQ,ZH5238,8404.86,807.472,227,114.84232330322,25.894729614258
1716078925,"2024-05-19 00:35:25",B20EQ,ZH5238,8412.48,813.028,222,114.81880187988,25.873870849609
1716078940,"2024-05-19 00:35:40",B20EQ,ZH5238,8404.86,825.992,211,114.79820251465,25.847850799561
1716078955,"2024-05-19 00:35:55",B20EQ,ZH5238,8412.48,837.104,200,114.78433990479,25.82029914856
1716078970,"2024-05-19 00:36:10",B20EQ,ZH5238,8412.48,842.66,193,114.7749786377,25.787200927734
1716078987,"2024-05-19 00:36:27",B20EQ,ZH5238,8404.86,837.104,193,114.76763916016,25.75745010376
1716079000,"2024-05-19 00:36:40",B20EQ,ZH5238,8404.86,833.4,193,114.75924682617,25.723979949951
1716079015,"2024-05-19 00:36:55",B20EQ,ZH5238,8412.48,835.252,193,114.75280761719,25.697660446167
1716079030,"2024-05-19 00:37:10",B20EQ,ZH5238,8412.48,835.252,193,114.744972229,25.666170120239
1716079045,"2024-05-19 00:37:25",B20EQ,ZH5238,8412.48,838.956,193,114.73696136475,25.633571624756
1716079060,"2024-05-19 00:37:40",B20EQ,ZH5238,8412.48,838.956,193,114.72975921631,25.604480743408
1716079075,"2024-05-19 00:37:55",B20EQ,ZH5238,8404.86,840.808,192,114.72219085693,25.573429107666
1716079090,"2024-05-19 00:38:10",B20EQ,ZH5238,8404.86,840.808,193,114.7149887085,25.544004440308
1716079105,"2024-05-19 00:38:25",B20EQ,ZH5238,8412.48,842.66,193,114.70743560791,25.513320922852
1716079120,"2024-05-19 00:38:40",B20EQ,ZH5238,8412.48,840.808,193,114.69976043701,25.482513427734
1716079135,"2024-05-19 00:38:55",B20EQ,ZH5238,8404.86,840.808,193,114.69187164307,25.450881958008
1716079150,"2024-05-19 00:39:10",B20EQ,ZH5238,8412.48,838.956,193,114.68409729004,25.419010162354
1716079165,"2024-05-19 00:39:25",B20EQ,ZH5238,8412.48,840.808,193,114.67642974854,25.387729644775
1716079180,"2024-05-19 00:39:40",B20EQ,ZH5238,8389.62,840.808,193,114.66938781738,25.358959197998
1716079195,"2024-05-19 00:39:55",B20EQ,ZH5238,8290.56,835.252,193,114.6619720459,25.328380584717
1716079210,"2024-05-19 00:40:10",B20EQ,ZH5238,8138.16,833.4,193,114.65363311768,25.294919967651
1716079225,"2024-05-19 00:40:25",B20EQ,ZH5238,7993.38,833.4,193,114.64604949951,25.264389038086
1716079240,"2024-05-19 00:40:40",B20EQ,ZH5238,7856.22,829.696,194,114.63897705078,25.23637008667
1716079255,"2024-05-19 00:40:55",B20EQ,ZH5238,7680.96,829.696,193,114.63083648682,25.203460693359
1716079270,"2024-05-19 00:41:10",B20EQ,ZH5238,7536.18,827.844,193,114.62361907959,25.174209594727
1716079285,"2024-05-19 00:41:25",B20EQ,ZH5238,7360.92,825.992,193,114.61512756348,25.139190673828
1716079300,"2024-05-19 00:41:40",B20EQ,ZH5238,7246.62,824.14,193,114.60922241211,25.114929199219
1716079311,"2024-05-19 00:41:51",B20EQ,ZH5238,7124.7,818.584,193,114.60341644287,25.091190338135
1716079325,"2024-05-19 00:42:05",B20EQ,ZH5238,6979.92,813.028,193,114.59632110596,25.062469482422
1716079344,"2024-05-19 00:42:24",B20EQ,ZH5238,6781.8,807.472,192,114.58683013916,25.023599624634
1716079362,"2024-05-19 00:42:42",B20EQ,ZH5238,6576.06,800.064,193,114.57724761963,24.984029769897
1716079392,"2024-05-19 00:43:12",B20EQ,ZH5238,6667.5,787.1,193,114.56552886963,24.936130523682
1716079407,"2024-05-19 00:43:27",B20EQ,ZH5238,6553.2,785.248,192,114.56086730957,24.916709899902
1716079422,"2024-05-19 00:43:42",B20EQ,ZH5238,6393.18,777.84,192,114.55371856689,24.886920928955
1716079437,"2024-05-19 00:43:57",B20EQ,ZH5238,6233.16,770.432,193,114.54676055908,24.858350753784
1716079452,"2024-05-19 00:44:12",B20EQ,ZH5238,6065.52,766.728,192,114.54010009766,24.830980300903
1716079497,"2024-05-19 00:44:57",B20EQ,ZH5238,5570.22,759.32,193,114.5177230835,24.741390228271
1716079530,"2024-05-19 00:45:30",B20EQ,ZH5238,4907.28,727.836,193,114.50183868408,24.676549911499
1716079545,"2024-05-19 00:45:45",B20EQ,ZH5238,4770.12,722.28,194,114.49549102783,24.650850296021
1716079608,"2024-05-19 00:46:48",B20EQ,ZH5238,4564.38,668.572,205,114.45484161377,24.553419113159
1716079623,"2024-05-19 00:47:03",B20EQ,ZH5238,4495.8,663.016,205,114.44467926025,24.533660888672
1716079637,"2024-05-19 00:47:17",B20EQ,ZH5238,4442.46,661.164,205,114.43493652344,24.514589309692
1716079651,"2024-05-19 00:47:31",B20EQ,ZH5238,4389.12,655.608,205,114.42147064209,24.488389968872
1716079667,"2024-05-19 00:47:47",B20EQ,ZH5238,4389.12,655.608,205,114.41237640381,24.470670700073
1716079681,"2024-05-19 00:48:01",B20EQ,ZH5238,4396.74,657.46,205,114.40203094482,24.450590133667
1716079703,"2024-05-19 00:48:23",B20EQ,ZH5238,4396.74,659.312,205,114.38269805908,24.412599563599
1716079718,"2024-05-19 00:48:38",B20EQ,ZH5238,4396.74,655.608,205,114.37338256836,24.394399642944
1716079733,"2024-05-19 00:48:53",B20EQ,ZH5238,4396.74,653.756,205,114.36136627197,24.371059417725
1716079747,"2024-05-19 00:49:07",B20EQ,ZH5238,4396.74,653.756,205,114.34963989258,24.348400115967
1716079762,"2024-05-19 00:49:22",B20EQ,ZH5238,4389.12,651.904,205,114.34004974365,24.329740524292
1716079775,"2024-05-19 00:49:35",B20EQ,ZH5238,4396.74,646.348,205,114.33033752441,24.310640335083
1716079789,"2024-05-19 00:49:49",B20EQ,ZH5238,4404.36,603.752,205,114.3201675415,24.290819168091
1716079803,"2024-05-19 00:50:03",B20EQ,ZH5238,4396.74,581.528,205,114.3104095459,24.271869659424
1716079817,"2024-05-19 00:50:17",B20EQ,ZH5238,4396.74,564.86,205,114.30155181885,24.254550933838
1716079832,"2024-05-19 00:50:32",B20EQ,ZH5238,4389.12,555.6,213,114.29077148438,24.23551940918
1716079847,"2024-05-19 00:50:47",B20EQ,ZH5238,4206.24,551.896,232,114.27330780029,24.219270706177
1716080031,"2024-05-19 00:53:51",B20EQ,ZH5238,3756.66,550.044,184,114.11376953125,24.03039932251
1716080046,"2024-05-19 00:54:06",B20EQ,ZH5238,3695.7,546.34,184,114.11235046387,24.008930206299
1716080061,"2024-05-19 00:54:21",B20EQ,ZH5238,3634.74,546.34,184,114.11100006104,23.989070892334
1716080080,"2024-05-19 00:54:40",B20EQ,ZH5238,3558.54,544.488,185,114.10903167725,23.96342086792
1716080095,"2024-05-19 00:54:55",B20EQ,ZH5238,3497.58,546.34,185,114.10732269287,23.942279815674
1716080110,"2024-05-19 00:55:10",B20EQ,ZH5238,3429,544.488,185,114.10550689697,23.920400619507
1716080125,"2024-05-19 00:55:25",B20EQ,ZH5238,3368.04,540.784,184,114.10404968262,23.901489257812
1716080140,"2024-05-19 00:55:40",B20EQ,ZH5238,3314.7,537.08,184,114.10254669189,23.881340026855
1716080155,"2024-05-19 00:55:55",B20EQ,ZH5238,3253.74,535.228,184,114.1011505127,23.861419677734
1716080170,"2024-05-19 00:56:10",B20EQ,ZH5238,3185.16,535.228,184,114.09963226318,23.840330123901
1716080185,"2024-05-19 00:56:25",B20EQ,ZH5238,3131.82,535.228,185,114.09815216064,23.820869445801
1716080200,"2024-05-19 00:56:40",B20EQ,ZH5238,3070.86,533.376,185,114.09652709961,23.80060005188
1716080211,"2024-05-19 00:56:51",B20EQ,ZH5238,3025.14,533.376,185,114.09545898438,23.787509918213
1716080225,"2024-05-19 00:57:05",B20EQ,ZH5238,2964.18,527.82,185,114.09368133545,23.766540527344
1716080240,"2024-05-19 00:57:20",B20EQ,ZH5238,2903.22,524.116,185,114.09203338623,23.747970581055
1716080255,"2024-05-19 00:57:35",B20EQ,ZH5238,2842.26,524.116,186,114.09027099609,23.728130340576
1716080270,"2024-05-19 00:57:50",B20EQ,ZH5238,2781.3,518.56,186,114.08853912354,23.708269119263
1716080285,"2024-05-19 00:58:05",B20EQ,ZH5238,2743.2,518.56,185,114.08676147461,23.688810348511
1716080300,"2024-05-19 00:58:20",B20EQ,ZH5238,2743.2,518.56,185,114.08493041992,23.669490814209
1716080315,"2024-05-19 00:58:35",B20EQ,ZH5238,2743.2,518.56,185,114.083152771,23.649719238281
1716080330,"2024-05-19 00:58:50",B20EQ,ZH5238,2743.2,516.708,185,114.08141326904,23.630430221558
1716080345,"2024-05-19 00:59:05",B20EQ,ZH5238,2743.2,520.412,185,114.07959747314,23.610969543457
1716080360,"2024-05-19 00:59:20",B20EQ,ZH5238,2743.2,522.264,186,114.07760620117,23.589479446411
1716080375,"2024-05-19 00:59:35",B20EQ,ZH5238,2743.2,514.856,186,114.0760269165,23.572269439697
1716080390,"2024-05-19 00:59:50",B20EQ,ZH5238,2743.2,492.632,185,114.07424926758,23.55286026001
1716080405,"2024-05-19 01:00:05",B20EQ,ZH5238,2743.2,468.556,186,114.07259368896,23.534820556641
1716080420,"2024-05-19 01:00:20",B20EQ,ZH5238,2743.2,461.148,186,114.07099151611,23.517539978027
1716080435,"2024-05-19 01:00:35",B20EQ,ZH5238,2743.2,459.296,186,114.06939697266,23.499620437622
1716080450,"2024-05-19 01:00:50",B20EQ,ZH5238,2727.96,461.148,186,114.0678024292,23.482820510864
1716080464,"2024-05-19 01:01:04",B20EQ,ZH5238,2674.62,463,186,114.0662612915,23.46595954895
1716080479,"2024-05-19 01:01:19",B20EQ,ZH5238,2621.28,457.444,186,114.06484222412,23.449810028076
1716080494,"2024-05-19 01:01:34",B20EQ,ZH5238,2560.32,450.036,186,114.0630569458,23.43071937561
1716080509,"2024-05-19 01:01:49",B20EQ,ZH5238,2499.36,446.332,185,114.06160736084,23.415300369263
1716080524,"2024-05-19 01:02:04",B20EQ,ZH5238,2438.4,444.48,185,114.06005859375,23.399049758911
1716080539,"2024-05-19 01:02:19",B20EQ,ZH5238,2377.44,431.516,204,114.05579376221,23.382680892944
1716080554,"2024-05-19 01:02:34",B20EQ,ZH5238,2316.48,433.368,231,114.04434204102,23.370429992676
1716080569,"2024-05-19 01:02:49",B20EQ,ZH5238,2255.52,433.368,236,114.03044891357,23.360870361328
1716080584,"2024-05-19 01:03:04",B20EQ,ZH5238,2194.56,437.072,236,114.0157623291,23.351299285889
1716080599,"2024-05-19 01:03:19",B20EQ,ZH5238,2141.22,438.924,236,114.00142669678,23.342100143433
1716080614,"2024-05-19 01:03:34",B20EQ,ZH5238,2133.6,433.368,236,113.98594665527,23.332210540771
1716080629,"2024-05-19 01:03:49",B20EQ,ZH5238,2133.6,431.516,235,113.97161102295,23.323089599609
1716080643,"2024-05-19 01:04:03",B20EQ,ZH5238,2133.6,433.368,235,113.9575881958,23.314180374146
1716080658,"2024-05-19 01:04:18",B20EQ,ZH5238,2133.6,437.072,236,113.94429779053,23.305660247803
1716080673,"2024-05-19 01:04:33",B20EQ,ZH5238,2133.6,440.776,236,113.92832183838,23.295391082764
1716080687,"2024-05-19 01:04:47",B20EQ,ZH5238,2118.36,444.48,237,113.91454315186,23.286619186401
1716080702,"2024-05-19 01:05:02",B20EQ,ZH5238,2080.26,438.924,236,113.90071105957,23.27792930603
1716080717,"2024-05-19 01:05:17",B20EQ,ZH5238,2034.54,442.628,236,113.88538360596,23.268400192261
1716080732,"2024-05-19 01:05:32",B20EQ,ZH5238,1996.44,442.628,236,113.87075042725,23.259269714355
1716080747,"2024-05-19 01:05:47",B20EQ,ZH5238,1943.1,440.776,236,113.85596466064,23.25
1716080762,"2024-05-19 01:06:02",B20EQ,ZH5238,1897.38,435.22,236,113.84003448486,23.240020751953
1716080777,"2024-05-19 01:06:17",B20EQ,ZH5238,1851.66,435.22,236,113.8264465332,23.231521606445
1716080791,"2024-05-19 01:06:31",B20EQ,ZH5238,1828.8,437.072,237,113.81250762939,23.222909927368
1716080806,"2024-05-19 01:06:46",B20EQ,ZH5238,1828.8,438.924,238,113.79769134521,23.213970184326
1716080821,"2024-05-19 01:07:01",B20EQ,ZH5238,1828.8,437.072,237,113.78275299072,23.204999923706
1716080836,"2024-05-19 01:07:16",B20EQ,ZH5238,1828.8,437.072,237,113.7678527832,23.196096420288
1716080851,"2024-05-19 01:07:31",B20EQ,ZH5238,1828.8,437.072,237,113.75310516357,23.187204360962
1716080866,"2024-05-19 01:07:46",B20EQ,ZH5238,1813.56,433.368,237,113.73815155029,23.178033828735
1716080881,"2024-05-19 01:08:01",B20EQ,ZH5238,1775.46,431.516,237,113.72342681885,23.168838500977
1716080896,"2024-05-19 01:08:16",B20EQ,ZH5238,1729.74,435.22,236,113.70874786377,23.159729003906
1716080911,"2024-05-19 01:08:31",B20EQ,ZH5238,1684.02,437.072,237,113.69396209717,23.150569915771
1716080926,"2024-05-19 01:08:46",B20EQ,ZH5238,1638.3,437.072,237,113.6791305542,23.14142036438
1716080941,"2024-05-19 01:09:01",B20EQ,ZH5238,1592.58,433.368,237,113.66445159912,23.132410049438
1716080956,"2024-05-19 01:09:16",B20EQ,ZH5238,1546.86,431.516,237,113.6491394043,23.12306022644
1716080971,"2024-05-19 01:09:31",B20EQ,ZH5238,1501.14,431.516,238,113.63439178467,23.114019393921
1716080986,"2024-05-19 01:09:46",B20EQ,ZH5238,1455.42,431.516,237,113.61968994141,23.105039596558
1716081001,"2024-05-19 01:10:01",B20EQ,ZH5238,1409.7,429.664,238,113.60552215576,23.096420288086
1716081016,"2024-05-19 01:10:16",B20EQ,ZH5238,1363.98,427.812,238,113.59120941162,23.087720870972
1716081031,"2024-05-19 01:10:31",B20EQ,ZH5238,1318.26,427.812,238,113.5763092041,23.078699111938
1716081046,"2024-05-19 01:10:46",B20EQ,ZH5238,1264.92,427.812,238,113.55982208252,23.068820953369
1716081060,"2024-05-19 01:11:00",B20EQ,ZH5238,1226.82,427.812,238,113.54724884033,23.061309814453
1716081075,"2024-05-19 01:11:15",B20EQ,ZH5238,1219.2,431.516,238,113.53330993652,23.053020477295
1716081090,"2024-05-19 01:11:30",B20EQ,ZH5238,1219.2,431.516,237,113.51709747314,23.04335975647
1716081105,"2024-05-19 01:11:45",B20EQ,ZH5238,1219.2,444.48,258,113.50164031982,23.037309646606
1716081120,"2024-05-19 01:12:00",B20EQ,ZH5238,1219.2,453.74,272,113.48433685303,23.036470413208
1716081135,"2024-05-19 01:12:15",B20EQ,ZH5238,1188.72,455.592,274,113.4646987915,23.037090301514
1716081150,"2024-05-19 01:12:30",B20EQ,ZH5238,1150.62,453.74,274,113.44647216797,23.037872314453
1716081165,"2024-05-19 01:12:45",B20EQ,ZH5238,1104.9,455.592,273,113.42869567871,23.038604736328
1716081180,"2024-05-19 01:13:00",B20EQ,ZH5238,1059.18,459.296,273,113.4102935791,23.039350509644
1716081195,"2024-05-19 01:13:15",B20EQ,ZH5238,1013.46,459.296,273,113.39161682129,23.039960861206
1716081210,"2024-05-19 01:13:30",B20EQ,ZH5238,967.74,459.296,273,113.37270355225,23.040380477905
1716081225,"2024-05-19 01:13:45",B20EQ,ZH5238,937.26,455.592,272,113.35454559326,23.040937423706
1716081240,"2024-05-19 01:14:00",B20EQ,ZH5238,944.88,429.664,272,113.33641052246,23.041534423828
1716081255,"2024-05-19 01:14:15",B20EQ,ZH5238,952.5,405.588,272,113.31909179688,23.042194366455
1716081270,"2024-05-19 01:14:30",B20EQ,ZH5238,944.88,385.216,273,113.30352783203,23.04280090332
1716081285,"2024-05-19 01:14:45",B20EQ,ZH5238,944.88,379.66,273,113.28765869141,23.043449401855
1716081300,"2024-05-19 01:15:00",B20EQ,ZH5238,944.88,379.66,274,113.27239990234,23.044149398804
1716081315,"2024-05-19 01:15:15",B20EQ,ZH5238,944.88,387.068,282,113.25681304932,23.045429229736
1716081330,"2024-05-19 01:15:30",B20EQ,ZH5238,944.88,398.18,316,113.24310302734,23.052480697632
1716081345,"2024-05-19 01:15:45",B20EQ,ZH5238,952.5,398.18,341,113.23523712158,23.065380096436
1716081360,"2024-05-19 01:16:00",B20EQ,ZH5238,944.88,390.772,359,113.231590271,23.0797996521
1716081375,"2024-05-19 01:16:15",B20EQ,ZH5238,944.88,381.512,13,113.23358917236,23.094049453735
1716081390,"2024-05-19 01:16:30",B20EQ,ZH5238,944.88,383.364,14,113.23738098145,23.108320236206
1716081405,"2024-05-19 01:16:45",B20EQ,ZH5238,944.88,383.364,14,113.24117279053,23.122219085693
1716081420,"2024-05-19 01:17:00",B20EQ,ZH5238,944.88,381.512,14,113.24491882324,23.136110305786
1716081435,"2024-05-19 01:17:15",B20EQ,ZH5238,944.88,381.512,13,113.24859619141,23.150009155273
1716081450,"2024-05-19 01:17:30",B20EQ,ZH5238,944.88,379.66,14,113.25231170654,23.164030075073
1716081465,"2024-05-19 01:17:45",B20EQ,ZH5238,944.88,379.66,14,113.25611114502,23.178089141846
1716081480,"2024-05-19 01:18:00",B20EQ,ZH5238,944.88,379.66,14,113.25978851318,23.191669464111
1716081495,"2024-05-19 01:18:15",B20EQ,ZH5238,944.88,381.512,14,113.26360321045,23.205688476562
1716081510,"2024-05-19 01:18:30",B20EQ,ZH5238,944.88,385.216,13,113.26735687256,23.21973991394
1716081525,"2024-05-19 01:18:45",B20EQ,ZH5238,861.06,385.216,14,113.27108001709,23.233619689941
1716081540,"2024-05-19 01:19:00",B20EQ,ZH5238,762,388.92,14,113.27498626709,23.248229980469
1716081555,"2024-05-19 01:19:15",B20EQ,ZH5238,685.8,370.4,14,113.27867889404,23.26189994812
1716081570,"2024-05-19 01:19:30",B20EQ,ZH5238,601.98,350.028,14,113.2822265625,23.275089263916
1716081585,"2024-05-19 01:19:45",B20EQ,ZH5238,525.78,325.952,14,113.28552246094,23.287340164185
1716081600,"2024-05-19 01:20:00",B20EQ,ZH5238,464.82,301.876,14,113.28868103027,23.298789978027
1716081615,"2024-05-19 01:20:15",B20EQ,ZH5238,403.86,281.504,14,113.29155731201,23.309600830078
1716081630,"2024-05-19 01:20:30",B20EQ,ZH5238,342.9,270.392,14,113.2942199707,23.319459915161
1716081645,"2024-05-19 01:20:45",B20EQ,ZH5238,289.56,270.392,14,113.29692077637,23.329330444336
1716081660,"2024-05-19 01:21:00",B20EQ,ZH5238,228.6,266.688,14,113.29950714111,23.339218139648
1716081675,"2024-05-19 01:21:15",B20EQ,ZH5238,175.26,264.836,14,113.30215454102,23.348968505859
1716081690,"2024-05-19 01:21:30",B20EQ,ZH5238,121.92,266.688,14,113.30480194092,23.358669281006
1716081705,"2024-05-19 01:21:45",B20EQ,ZH5238,68.58,270.392,14,113.30750274658,23.368709564209
1716081718,"2024-05-19 01:21:58",B20EQ,ZH5238,45.72,242.612,14,113.30973815918,23.377029418945
1716081733,"2024-05-19 01:22:13",B20EQ,ZH5238,0,162.976,16,113.31165313721,23.384120941162
1716081748,"2024-05-19 01:22:28",B20EQ,ZH5238,0,72.228,16,113.3127822876,23.388299942017
1716081763,"2024-05-19 01:22:43",B20EQ,ZH5238,0,51.856,357,113.31292724609,23.390430450439
1716081774,"2024-05-19 01:22:54",B20EQ,ZH5238,0,42.596,348,113.3126373291,23.391569137573
1716081787,"2024-05-19 01:23:07",B20EQ,ZH5238,0,33.336,348,113.31230163574,23.392869949341
1716081802,"2024-05-19 01:23:22",B20EQ,ZH5238,0,27.78,11,113.31230926514,23.393980026245
1716081816,"2024-05-19 01:23:36",B20EQ,ZH5238,0,31.484,16,113.31256103516,23.394870758057
1716081831,"2024-05-19 01:23:51",B20EQ,ZH5238,0,35.188,16,113.31286621094,23.39608001709
1716081845,"2024-05-19 01:24:05",B20EQ,ZH5238,0,38.892,16,113.31323242188,23.397390365601
1716081862,"2024-05-19 01:24:22",B20EQ,ZH5238,0,42.596,16,113.31359863281,23.398780822754
1716081873,"2024-05-19 01:24:33",B20EQ,ZH5238,0,44.448,16,113.3140335083,23.400390625
1716081888,"2024-05-19 01:24:48",B20EQ,ZH5238,0,37.04,16,113.31433868408,23.401470184326
1716081901,"2024-05-19 01:25:01",B20EQ,ZH5238,0,25.928,16,113.31462097168,23.402530670166
1716081914,"2024-05-19 01:25:14",B20EQ,ZH5238,0,20.372,334,113.31453704834,23.403160095215
1716081929,"2024-05-19 01:25:29",B20EQ,ZH5238,0,22.224,286,113.31382751465,23.403369903564
1716081944,"2024-05-19 01:25:44",B20EQ,ZH5238,0,27.78,286,113.31279754639,23.403589248657
1716081959,"2024-05-19 01:25:59",B20EQ,ZH5238,0,33.336,286,113.31153106689,23.403890609741
1716081973,"2024-05-19 01:26:13",B20EQ,ZH5238,0,35.188,286,113.31046295166,23.404140472412
1716081988,"2024-05-19 01:26:28",B20EQ,ZH5238,0,38.892,286,113.30860900879,23.404560089111
1716082000,"2024-05-19 01:26:40",B20EQ,ZH5238,0,40.744,286,113.30767059326,23.404779434204
1716082013,"2024-05-19 01:26:53",B20EQ,ZH5238,0,29.632,286,113.30612945557,23.405139923096
1716082024,"2024-05-19 01:27:04",B20EQ,ZH5238,0,22.224,286,113.30561065674,23.405250549316
1716082036,"2024-05-19 01:27:16",B20EQ,ZH5238,0,16.668,286,113.30507659912,23.405380249023
1716082047,"2024-05-19 01:27:27",B20EQ,ZH5238,0,11.112,286,113.30474853516,23.405450820923
1716082060,"2024-05-19 01:27:40",B20EQ,ZH5238,0,7.408,286,113.30442810059,23.405519485474
1716082071,"2024-05-19 01:27:51",B20EQ,ZH5238,0,9.26,286,113.30425262451,23.405569076538
1716082084,"2024-05-19 01:28:04",B20EQ,ZH5238,0,7.408,286,113.30390167236,23.405649185181
1716082101,"2024-05-19 01:28:21",B20EQ,ZH5238,0,0,286,113.30386352539,23.405660629272
1716082106,"2024-05-19 01:28:26",B20EQ,ZH5238,0,0,286,113.30386352539,23.405660629272
1716082109,"2024-05-19 01:28:29",B20EQ,ZH5238,0,0,286,113.30386352539,23.405660629272
1716082119,"2024-05-19 01:28:39",B20EQ,ZH5238,0,0,286,113.30386352539,23.405660629272
1716082129,"2024-05-19 01:28:49",B20EQ,ZH5238,0,0,286,113.30386352539,23.405660629272
1716082144,"2024-05-19 01:29:04",B20EQ,ZH5238,0,0,286,113.30386352539,23.405660629272
1716082152,"2024-05-19 01:29:12",B20EQ,ZH5238,0,0,286,113.30386352539,23.405660629272
1716082156,"2024-05-19 01:29:16",B20EQ,ZH5238,0,0,286,113.30386352539,23.405660629272
1716082165,"2024-05-19 01:29:25",B20EQ,ZH5238,0,0,286,113.30386352539,23.405660629272
1716082169,"2024-05-19 01:29:29",B20EQ,ZH5238,0,0,286,113.30386352539,23.405660629272
1716082176,"2024-05-19 01:29:36",B20EQ,ZH5238,0,0,286,113.30386352539,23.405660629272
1716082179,"2024-05-19 01:29:39",B20EQ,ZH5238,0,0,286,113.30386352539,23.405660629272
1716082184,"2024-05-19 01:29:44",B20EQ,ZH5238,0,0,286,113.30386352539,23.405660629272
1716082189,"2024-05-19 01:29:49",B20EQ,ZH5238,0,0,286,113.30386352539,23.405660629272
1716082202,"2024-05-19 01:30:02",B20EQ,ZH5238,0,0,286,113.30386352539,23.405660629272
1716082205,"2024-05-19 01:30:05",B20EQ,ZH5238,0,0,286,113.30386352539,23.405660629272
1716082215,"2024-05-19 01:30:15",B20EQ,ZH5238,0,0,286,113.30386352539,23.405660629272
1716082221,"2024-05-19 01:30:21",B20EQ,ZH5238,0,0,286,113.30386352539,23.405660629272
1716082231,"2024-05-19 01:30:31",B20EQ,ZH5238,0,0,286,113.30386352539,23.405660629272
1716082239,"2024-05-19 01:30:39",B20EQ,ZH5238,0,0,286,113.30386352539,23.405660629272
1716082250,"2024-05-19 01:30:50",B20EQ,ZH5238,0,0,286,113.30386352539,23.405660629272
1716082263,"2024-05-19 01:31:03",B20EQ,ZH5238,0,0,286,113.30386352539,23.405660629272
1716082265,"2024-05-19 01:31:05",B20EQ,ZH5238,0,0,286,113.30386352539,23.405660629272
1716082278,"2024-05-19 01:31:18",B20EQ,ZH5238,0,5.5559998,286,113.30375671387,23.405689239502
1716082290,"2024-05-19 01:31:30",B20EQ,ZH5238,0,7.408,286,113.30358123779,23.40571975708
1716082301,"2024-05-19 01:31:41",B20EQ,ZH5238,0,11.112,286,113.30335235596,23.405780792236
1716082312,"2024-05-19 01:31:52",B20EQ,ZH5238,0,14.816,286,113.30297851562,23.405870437622
1716082328,"2024-05-19 01:32:08",B20EQ,ZH5238,0,18.52,286,113.3024520874,23.405979156494
1716082341,"2024-05-19 01:32:21",B20EQ,ZH5238,0,24.076,286,113.30162811279,23.406179428101
1716082353,"2024-05-19 01:32:33",B20EQ,ZH5238,0,25.928,286,113.30101776123,23.406309127808
1716082371,"2024-05-19 01:32:51",B20EQ,ZH5238,0,33.336,286,113.29972839355,23.406610488892
1716082387,"2024-05-19 01:33:07",B20EQ,ZH5238,0,42.596,286,113.29733276367,23.407159805298
1716082407,"2024-05-19 01:33:27",B20EQ,ZH5238,0,24.076,286,113.295753479,23.407529830933
1716082427,"2024-05-19 01:33:47",B20EQ,ZH5238,0,16.668,261,113.29473876953,23.407640457153
1716082441,"2024-05-19 01:34:01",B20EQ,ZH5238,0,20.372,205,113.2945098877,23.407220840454
1716082455,"2024-05-19 01:34:15",B20EQ,ZH5238,0,25.928,196,113.29425811768,23.406280517578
1716082468,"2024-05-19 01:34:28",B20EQ,ZH5238,0,29.632,196,113.29406738281,23.405609130859
1716082482,"2024-05-19 01:34:42",B20EQ,ZH5238,0,35.188,196,113.293800354,23.404569625854
1716082497,"2024-05-19 01:34:57",B20EQ,ZH5238,0,38.892,196,113.29344177246,23.403259277344
1716082512,"2024-05-19 01:35:12",B20EQ,ZH5238,0,44.448,196,113.29303741455,23.401760101318
1716082523,"2024-05-19 01:35:23",B20EQ,ZH5238,0,46.3,196,113.29273223877,23.40060043335
1716082537,"2024-05-19 01:35:37",B20EQ,ZH5238,0,50.004,196,113.29225158691,23.398830413818
1716082551,"2024-05-19 01:35:51",B20EQ,ZH5238,0,51.856,196,113.29183197021,23.39727973938
1716082563,"2024-05-19 01:36:03",B20EQ,ZH5238,0,42.596,196,113.29151916504,23.396120071411
1716082565,"2024-05-19 01:36:05",B20EQ,ZH5238,0,40.744,196,113.29132843018,23.395439147949
1716082576,"2024-05-19 01:36:16",B20EQ,ZH5238,0,38.892,196,113.2911529541,23.394760131836
1716082591,"2024-05-19 01:36:31",B20EQ,ZH5238,0,20.372,196,113.2908782959,23.393760681152
1716082602,"2024-05-19 01:36:42",B20EQ,ZH5238,0,16.668,196,113.29074859619,23.39328956604
1716082615,"2024-05-19 01:36:55",B20EQ,ZH5238,0,16.668,135,113.29100036621,23.392900466919
1716082631,"2024-05-19 01:37:11",B20EQ,ZH5238,0,18.52,78,113.29164123535,23.393009185791
1716082644,"2024-05-19 01:37:24",B20EQ,ZH5238,0,14.816,75,113.2919921875,23.393100738525
1716082656,"2024-05-19 01:37:36",B20EQ,ZH5238,0,7.408,73,113.2924118042,23.393230438232
1716082668,"2024-05-19 01:37:48",B20EQ,ZH5238,0,9.26,73,113.29266357422,23.393310546875
