Time,"UTC TIME",Anum,Fnum,Height,Speed,Angle,Longitude,Latitude
1673662869,"2023-01-14 02:21:09",B1082,CA1523,-175.26,50.004,354,116.61566,40.07144
1673662884,"2023-01-14 02:21:24",B1082,CA1523,53.34,250.02,355,116.6145,40.08106
1673662899,"2023-01-14 02:21:39",B1082,CA1523,304.8,242.612,354,116.61326,40.09023
1673662915,"2023-01-14 02:21:55",B1082,CA1523,518.16,242.612,356,116.61201,40.0994
1673662929,"2023-01-14 02:22:09",B1082,CA1523,723.9,257.428,23,116.61426,40.1082
1673662944,"2023-01-14 02:22:24",B1082,CA1523,777.24,329.656,27,116.62042,40.11809
1673662959,"2023-01-14 02:22:39",B1082,CA1523,861.06,392.624,28,116.62886,40.13036
1673662974,"2023-01-14 02:22:54",B1082,CA1523,1005.84,433.368,27,116.63841,40.14409
1673662990,"2023-01-14 02:23:10",B1082,CA1523,1333.5,429.664,37,116.64917,40.1581
1673663004,"2023-01-14 02:23:24",B1082,CA1523,1691.64,431.516,66,116.66565,40.1678
1673663015,"2023-01-14 02:23:35",B1082,CA1523,1874.52,455.592,81,116.67955,40.17062
1673663029,"2023-01-14 02:23:49",B1082,CA1523,2065.02,487.076,84,116.7027,40.17261
1673663044,"2023-01-14 02:24:04",B1082,CA1523,2232.66,516.708,85,116.72662,40.17421
1673663059,"2023-01-14 02:24:19",B1082,CA1523,2506.98,516.708,84,116.75196,40.17602
1673663074,"2023-01-14 02:24:34",B1082,CA1523,2788.92,524.116,84,116.77743,40.17803
1673663089,"2023-01-14 02:24:49",B1082,CA1523,2971.8,555.6,88,116.80339,40.17984
1673663104,"2023-01-14 02:25:04",B1082,CA1523,3055.62,611.16,109,116.83142,40.17709
1673663115,"2023-01-14 02:25:15",B1082,CA1523,3108.96,644.496,126,116.84984,40.16983
1673663129,"2023-01-14 02:25:29",B1082,CA1523,3238.5,672.276,153,116.87225,40.14963
1673663150,"2023-01-14 02:25:50",B1082,CA1523,3566.16,648.2,178,116.88055,40.12407
1673663165,"2023-01-14 02:26:05",B1082,CA1523,3878.58,633.384,189,116.87749,40.10028
1673663179,"2023-01-14 02:26:19",B1082,CA1523,4038.6,651.904,188,116.87275,40.07636
1673663190,"2023-01-14 02:26:30",B1082,CA1523,4183.38,657.46,187,116.87012,40.06071
1673663204,"2023-01-14 02:26:44",B1082,CA1523,4396.74,663.016,186,116.86639,40.03578
1673663215,"2023-01-14 02:26:55",B1082,CA1523,4587.24,657.46,186,116.86395,40.01871
1673663229,"2023-01-14 02:27:09",B1082,CA1523,4899.66,640.792,186,116.86082,39.99549
1673663244,"2023-01-14 02:27:24",B1082,CA1523,5151.12,640.792,187,116.85751,39.97119
1673663259,"2023-01-14 02:27:39",B1082,CA1523,5326.38,648.2,187,116.85388,39.94707
1673663274,"2023-01-14 02:27:54",B1082,CA1523,5494.02,659.312,187,116.85022,39.92345
1673663289,"2023-01-14 02:28:09",B1082,CA1523,5570.22,681.536,187,116.84623,39.89772
1673663304,"2023-01-14 02:28:24",B1082,CA1523,5730.24,687.092,187,116.84222,39.87078
1673663319,"2023-01-14 02:28:39",B1082,CA1523,5852.16,703.76,186,116.83852,39.84485
1673663334,"2023-01-14 02:28:54",B1082,CA1523,6012.18,725.984,176,116.83765,39.81799
1673663349,"2023-01-14 02:29:09",B1082,CA1523,6210.3,722.28,173,116.84127,39.79079
1673663364,"2023-01-14 02:29:24",B1082,CA1523,6423.66,727.836,173,116.84552,39.76222
1673663375,"2023-01-14 02:29:35",B1082,CA1523,6568.44,724.132,173,116.84796,39.74501
1673663389,"2023-01-14 02:29:49",B1082,CA1523,6850.38,714.872,174,116.85229,39.71357
1673663404,"2023-01-14 02:30:04",B1082,CA1523,7078.98,707.464,174,116.85577,39.68667
1673663419,"2023-01-14 02:30:19",B1082,CA1523,7254.24,711.168,174,116.859065,39.660141
1673663439,"2023-01-14 02:30:39",B1082,CA1523,7406.64,716.724,174,116.86283,39.63016
1673663454,"2023-01-14 02:30:54",B1082,CA1523,7520.94,727.836,174,116.86633,39.6025
1673663469,"2023-01-14 02:31:09",B1082,CA1523,7642.86,735.244,174,116.87,39.57466
1673663484,"2023-01-14 02:31:24",B1082,CA1523,7764.78,742.652,174,116.87357,39.54776
1673663500,"2023-01-14 02:31:40",B1082,CA1523,7917.18,748.208,174,116.87745,39.51842
1673663514,"2023-01-14 02:31:54",B1082,CA1523,8054.34,751.912,174,116.88116,39.49054
1673663529,"2023-01-14 02:32:09",B1082,CA1523,8199.12,753.764,174,116.8848,39.46239
1673663544,"2023-01-14 02:32:24",B1082,CA1523,8351.52,753.764,174,116.88838,39.43451
1673663559,"2023-01-14 02:32:39",B1082,CA1523,8519.16,750.2452,174,116.89232,39.40462
1673663574,"2023-01-14 02:32:54",B1082,CA1523,8717.28,740.8,173,116.89618,39.37542
1673663589,"2023-01-14 02:33:09",B1082,CA1523,8831.58,733.392,174,116.89967,39.34978
1673663604,"2023-01-14 02:33:24",B1082,CA1523,8869.68,733.392,174,116.90337,39.32181
1673663619,"2023-01-14 02:33:39",B1082,CA1523,8869.68,733.392,174,116.90692,39.29437
1673663635,"2023-01-14 02:33:55",B1082,CA1523,8869.68,733.392,174,116.91047,39.26692
1673663649,"2023-01-14 02:34:09",B1082,CA1523,8869.68,733.392,174,116.91412,39.23845
1673663665,"2023-01-14 02:34:25",B1082,CA1523,8869.68,733.392,174,116.91772,39.21044
1673663679,"2023-01-14 02:34:39",B1082,CA1523,8869.68,733.392,174,116.921281,39.183014
1673663694,"2023-01-14 02:34:54",B1082,CA1523,8869.68,733.392,174,116.923848,39.16333
1673663709,"2023-01-14 02:35:09",B1082,CA1523,8869.68,733.392,174,116.92749,39.13504
1673663724,"2023-01-14 02:35:24",B1082,CA1523,8869.68,733.392,174,116.930894,39.108765
1673663739,"2023-01-14 02:35:39",B1082,CA1523,8869.68,735.244,174,116.934536,39.080978
1673663755,"2023-01-14 02:35:55",B1082,CA1523,8869.68,737.096,174,116.93823,39.05211
1673663769,"2023-01-14 02:36:09",B1082,CA1523,8869.68,738.948,174,116.9422,39.021436
1673663784,"2023-01-14 02:36:24",B1082,CA1523,8869.68,738.948,174,116.945642,38.994553
1673663800,"2023-01-14 02:36:40",B1082,CA1523,8869.68,738.948,174,116.949105,38.967773
1673663814,"2023-01-14 02:36:54",B1082,CA1523,8869.68,738.948,174,116.95269,38.94003
1673663829,"2023-01-14 02:37:09",B1082,CA1523,8869.68,737.096,174,116.95636,38.911712
1673663845,"2023-01-14 02:37:25",B1082,CA1523,8869.68,737.096,174,116.95985,38.88441
1673663859,"2023-01-14 02:37:39",B1082,CA1523,8869.68,735.244,174,116.96332,38.85766
1673663874,"2023-01-14 02:37:54",B1082,CA1523,8869.68,737.096,174,116.96684,38.82999
1673663889,"2023-01-14 02:38:09",B1082,CA1523,8869.68,737.096,174,116.97046,38.80213
1673663904,"2023-01-14 02:38:24",B1082,CA1523,8869.68,738.948,174,116.973938,38.774849
1673663919,"2023-01-14 02:38:39",B1082,CA1523,8869.68,738.948,174,116.9776,38.74603
1673663934,"2023-01-14 02:38:54",B1082,CA1523,8869.68,738.948,174,116.980896,38.719963
1673663949,"2023-01-14 02:39:09",B1082,CA1523,8869.68,738.948,174,116.984512,38.692062
1673663960,"2023-01-14 02:39:20",B1082,CA1523,8869.68,738.948,174,116.98684,38.673843
1673663974,"2023-01-14 02:39:34",B1082,CA1523,8869.68,738.948,174,116.990542,38.645187
1673663990,"2023-01-14 02:39:50",B1082,CA1523,8869.68,738.948,174,116.993835,38.619038
1673664004,"2023-01-14 02:40:04",B1082,CA1523,8869.68,740.8,174,116.997349,38.591537
1673664019,"2023-01-14 02:40:19",B1082,CA1523,8869.68,740.8,174,117.000872,38.563522
1673664034,"2023-01-14 02:40:34",B1082,CA1523,8869.68,742.652,174,117.004578,38.533801
1673664049,"2023-01-14 02:40:49",B1082,CA1523,8915.4,750.06,174,117.0083,38.50475
1673664064,"2023-01-14 02:41:04",B1082,CA1523,8953.5,761.172,174,117.012037,38.474945
1673664079,"2023-01-14 02:41:19",B1082,CA1523,8991.6,772.284,174,117.014605,38.454437
1673664094,"2023-01-14 02:41:34",B1082,CA1523,9075.42,777.84,174,117.018066,38.426545
1673664109,"2023-01-14 02:41:49",B1082,CA1523,9189.72,783.396,174,117.022393,38.392868
1673664124,"2023-01-14 02:42:04",B1082,CA1523,9273.54,787.1,174,117.026128,38.363653
1673664139,"2023-01-14 02:42:19",B1082,CA1523,9357.36,794.508,174,117.030049,38.332489
1673664154,"2023-01-14 02:42:34",B1082,CA1523,9433.56,801.916,174,117.034023,38.301041
1673664169,"2023-01-14 02:42:49",B1082,CA1523,9479.28,807.472,174,117.03677,38.27911
1673664184,"2023-01-14 02:43:04",B1082,CA1523,9540.24,814.88,174,117.040743,38.24762
1673664199,"2023-01-14 02:43:19",B1082,CA1523,9624.06,820.8064,174,117.044483,38.217545
1673664214,"2023-01-14 02:43:34",B1082,CA1523,9707.88,824.14,174,117.04828,38.18731
1673664229,"2023-01-14 02:43:49",B1082,CA1523,9806.94,826.5476,174,117.052221,38.155937
1673664244,"2023-01-14 02:44:04",B1082,CA1523,9936.48,823.0288,174,117.056102,38.12619
1673664259,"2023-01-14 02:44:19",B1082,CA1523,10066.02,820.8064,174,117.060027,38.095459
1673664274,"2023-01-14 02:44:34",B1082,CA1523,10210.8,814.88,174,117.063884,38.064697
1673664289,"2023-01-14 02:44:49",B1082,CA1523,10347.96,811.176,174,117.06786,38.03364
1673664304,"2023-01-14 02:45:04",B1082,CA1523,10469.88,811.3612,174,117.071598,38.004089
1673664319,"2023-01-14 02:45:19",B1082,CA1523,10614.66,805.62,174,117.075455,37.973557
1673664334,"2023-01-14 02:45:34",B1082,CA1523,10728.96,805.62,174,117.079195,37.943161
1673664349,"2023-01-14 02:45:49",B1082,CA1523,10820.4,807.472,174,117.082818,37.912994
1673664360,"2023-01-14 02:46:00",B1082,CA1523,10896.6,805.8052,174,117.08524,37.893242
1673664374,"2023-01-14 02:46:14",B1082,CA1523,11018.52,802.2864,174,117.089013,37.863968
1673664389,"2023-01-14 02:46:29",B1082,CA1523,11140.44,798.3972,174,117.092811,37.834213
1673664404,"2023-01-14 02:46:44",B1082,CA1523,11231.88,800.064,174,117.096551,37.803864
1673664419,"2023-01-14 02:46:59",B1082,CA1523,11285.22,803.768,174,117.100226,37.773882
1673664430,"2023-01-14 02:47:10",B1082,CA1523,11308.08,805.62,175,117.102629,37.754059
1673664444,"2023-01-14 02:47:24",B1082,CA1523,11308.08,809.5092,174,117.10625,37.72398
1673664459,"2023-01-14 02:47:39",B1082,CA1523,11308.08,811.3612,174,117.11005,37.69368
1673664474,"2023-01-14 02:47:54",B1082,CA1523,11308.08,813.2132,174,117.11378,37.66379
1673664489,"2023-01-14 02:48:09",B1082,CA1523,11308.08,813.028,174,117.117661,37.632782
1673664504,"2023-01-14 02:48:24",B1082,CA1523,11308.08,813.028,174,117.12139,37.60286
1673664519,"2023-01-14 02:48:39",B1082,CA1523,11308.08,815.0652,174,117.12519,37.5721
1673664534,"2023-01-14 02:48:54",B1082,CA1523,11308.08,814.88,174,117.128946,37.541959
1673664549,"2023-01-14 02:49:09",B1082,CA1523,11308.08,811.176,174,117.132767,37.511188
1673664564,"2023-01-14 02:49:24",B1082,CA1523,11308.08,809.5092,174,117.136469,37.481395
1673664579,"2023-01-14 02:49:39",B1082,CA1523,11308.08,807.472,174,117.140204,37.451477
1673664594,"2023-01-14 02:49:54",B1082,CA1523,11308.08,807.472,174,117.14389,37.42172
1673664609,"2023-01-14 02:50:09",B1082,CA1523,11308.08,807.472,174,117.147743,37.390228
1673664625,"2023-01-14 02:50:25",B1082,CA1523,11308.08,813.5836,172,117.151576,37.360592
1673664639,"2023-01-14 02:50:39",B1082,CA1523,11308.08,833.4,168,117.158323,37.3301
1673664654,"2023-01-14 02:50:54",B1082,CA1523,11308.08,835.252,167,117.167219,37.298305
1673664669,"2023-01-14 02:51:09",B1082,CA1523,11308.08,833.4,168,117.175851,37.267548
1673664680,"2023-01-14 02:51:20",B1082,CA1523,11308.08,831.548,168,117.18155,37.24654
1673664694,"2023-01-14 02:51:34",B1082,CA1523,11308.08,829.696,168,117.190402,37.213074
1673664709,"2023-01-14 02:51:49",B1082,CA1523,11308.08,829.696,168,117.197909,37.184252
1673664724,"2023-01-14 02:52:04",B1082,CA1523,11308.08,829.696,168,117.205947,37.153702
1673664739,"2023-01-14 02:52:19",B1082,CA1523,11308.08,829.3256,168,117.214304,37.121887
1673664754,"2023-01-14 02:52:34",B1082,CA1523,11308.08,829.696,168,117.221972,37.093056
1673664769,"2023-01-14 02:52:49",B1082,CA1523,11308.08,825.992,168,117.230032,37.062424
1673664784,"2023-01-14 02:53:04",B1082,CA1523,11308.08,827.844,168,117.238153,37.03156
1673664799,"2023-01-14 02:53:19",B1082,CA1523,11308.08,827.844,168,117.245974,37.001953
1673664814,"2023-01-14 02:53:34",B1082,CA1523,11308.08,827.844,168,117.253924,36.971741
1673664829,"2023-01-14 02:53:49",B1082,CA1523,11308.08,827.844,168,117.26204,36.94069
1673664844,"2023-01-14 02:54:04",B1082,CA1523,11308.08,827.844,168,117.269798,36.910897
1673664859,"2023-01-14 02:54:19",B1082,CA1523,11308.08,825.992,168,117.277739,36.880778
1673664874,"2023-01-14 02:54:34",B1082,CA1523,11308.08,827.844,168,117.285832,36.849867
1673664889,"2023-01-14 02:54:49",B1082,CA1523,11308.08,829.696,168,117.29364,36.82004
1673664904,"2023-01-14 02:55:04",B1082,CA1523,11308.08,829.696,168,117.30179,36.78879
1673664919,"2023-01-14 02:55:19",B1082,CA1523,11308.08,829.696,168,117.309616,36.759137
1673664934,"2023-01-14 02:55:34",B1082,CA1523,11308.08,827.844,168,117.31774,36.72799
1673664949,"2023-01-14 02:55:49",B1082,CA1523,11308.08,829.696,168,117.3254,36.69846
1673664964,"2023-01-14 02:56:04",B1082,CA1523,11308.08,827.844,168,117.333527,36.667328
1673664979,"2023-01-14 02:56:19",B1082,CA1523,11308.08,831.548,168,117.341289,36.637449
1673664994,"2023-01-14 02:56:34",B1082,CA1523,11308.08,831.548,168,117.34932,36.60658
1673665009,"2023-01-14 02:56:49",B1082,CA1523,11308.08,829.696,168,117.357535,36.575209
1673665024,"2023-01-14 02:57:04",B1082,CA1523,11308.08,831.548,168,117.3654,36.54497
1673665039,"2023-01-14 02:57:19",B1082,CA1523,11308.08,829.696,168,117.373196,36.515063
1673665054,"2023-01-14 02:57:34",B1082,CA1523,11308.08,833.4,168,117.38102,36.484772
1673665069,"2023-01-14 02:57:49",B1082,CA1523,11308.08,833.4,168,117.38892,36.45428
1673665084,"2023-01-14 02:58:04",B1082,CA1523,11308.08,833.4,168,117.39686,36.42363
1673665095,"2023-01-14 02:58:15",B1082,CA1523,11308.08,833.4,168,117.402077,36.403381
1673665109,"2023-01-14 02:58:29",B1082,CA1523,11308.08,835.252,168,117.41007,36.37252
1673665124,"2023-01-14 02:58:44",B1082,CA1523,11308.08,837.104,168,117.418499,36.339935
1673665139,"2023-01-14 02:58:59",B1082,CA1523,11308.08,837.104,168,117.426453,36.309357
1673665154,"2023-01-14 02:59:14",B1082,CA1523,11308.08,837.104,168,117.43473,36.27709
1673665169,"2023-01-14 02:59:29",B1082,CA1523,11308.08,838.956,168,117.44236,36.24751
1673665180,"2023-01-14 02:59:40",B1082,CA1523,11308.08,838.956,168,117.44765,36.227
1673665194,"2023-01-14 02:59:54",B1082,CA1523,11308.08,842.66,168,117.455652,36.195901
1673665209,"2023-01-14 03:00:09",B1082,CA1523,11308.08,844.512,168,117.46244,36.16951
1673665224,"2023-01-14 03:00:24",B1082,CA1523,11308.08,844.512,168,117.470788,36.137152
1673665239,"2023-01-14 03:00:39",B1082,CA1523,11308.08,846.364,168,117.47914,36.10443
1673665254,"2023-01-14 03:00:54",B1082,CA1523,11308.08,848.216,168,117.48697,36.07407
1673665269,"2023-01-14 03:01:09",B1082,CA1523,11308.08,851.92,168,117.49512,36.0423
1673665284,"2023-01-14 03:01:24",B1082,CA1523,11308.08,853.772,168,117.50324,36.01048
1673665300,"2023-01-14 03:01:40",B1082,CA1523,11308.08,855.624,168,117.51146,35.978409
1673665314,"2023-01-14 03:01:54",B1082,CA1523,11308.08,857.476,168,117.519379,35.947357
1673665330,"2023-01-14 03:02:10",B1082,CA1523,11308.08,859.328,168,117.52768,35.91508
1673665344,"2023-01-14 03:02:24",B1082,CA1523,11308.08,861.18,168,117.53563,35.88391
1673665359,"2023-01-14 03:02:39",B1082,CA1523,11308.08,861.18,168,117.54381,35.85201
1673665375,"2023-01-14 03:02:55",B1082,CA1523,11308.08,863.032,168,117.55182,35.82079
1673665389,"2023-01-14 03:03:09",B1082,CA1523,11308.08,863.032,168,117.560081,35.788336
1673665404,"2023-01-14 03:03:24",B1082,CA1523,11308.08,863.032,168,117.567959,35.757431
1673665419,"2023-01-14 03:03:39",B1082,CA1523,11308.08,863.032,168,117.57674,35.72312
1673665434,"2023-01-14 03:03:54",B1082,CA1523,11308.08,864.884,168,117.58462,35.69197
1673665449,"2023-01-14 03:04:09",B1082,CA1523,11308.08,864.884,168,117.59286,35.65962
1673665464,"2023-01-14 03:04:24",B1082,CA1523,11308.08,866.736,168,117.60086,35.62807
1673665479,"2023-01-14 03:04:39",B1082,CA1523,11308.08,866.736,168,117.60887,35.59653
1673665494,"2023-01-14 03:04:54",B1082,CA1523,11308.08,866.736,168,117.617,35.56447
1673665509,"2023-01-14 03:05:09",B1082,CA1523,11308.08,868.588,168,117.62501,35.53286
1673665520,"2023-01-14 03:05:20",B1082,CA1523,11308.08,868.588,168,117.63038,35.51158
1673665534,"2023-01-14 03:05:34",B1082,CA1523,11308.08,870.44,168,117.63845,35.4798
1673665545,"2023-01-14 03:05:45",B1082,CA1523,11308.08,870.44,168,117.643776,35.458511
1673665559,"2023-01-14 03:05:59",B1082,CA1523,11308.08,868.588,168,117.65189,35.42649
1673665570,"2023-01-14 03:06:10",B1082,CA1523,11308.08,870.44,168,117.657321,35.404839
1673665584,"2023-01-14 03:06:24",B1082,CA1523,11308.08,870.44,168,117.66563,35.37177
1673665599,"2023-01-14 03:06:39",B1082,CA1523,11308.08,872.292,168,117.67339,35.3412
1673665614,"2023-01-14 03:06:54",B1082,CA1523,11308.08,874.144,168,117.68148,35.30891
1673665629,"2023-01-14 03:07:09",B1082,CA1523,11308.08,874.144,168,117.68755,35.28479
1673665644,"2023-01-14 03:07:24",B1082,CA1523,11308.08,875.996,168,117.69539,35.25366
1673665659,"2023-01-14 03:07:39",B1082,CA1523,11308.08,877.848,168,117.70346,35.22156
1673665674,"2023-01-14 03:07:54",B1082,CA1523,11308.08,879.7,168,117.71172,35.18857
1673665689,"2023-01-14 03:08:09",B1082,CA1523,11308.08,881.552,168,117.71974,35.15648
1673665704,"2023-01-14 03:08:24",B1082,CA1523,11308.08,883.404,168,117.72795,35.12385
1673665719,"2023-01-14 03:08:39",B1082,CA1523,11308.08,881.552,168,117.736387,35.090149
1673665734,"2023-01-14 03:08:54",B1082,CA1523,11308.08,881.552,168,117.74494,35.05621
1673665749,"2023-01-14 03:09:09",B1082,CA1523,11308.08,881.552,168,117.75287,35.02441
1673665764,"2023-01-14 03:09:24",B1082,CA1523,11308.08,881.552,168,117.76091,34.99229
1673665779,"2023-01-14 03:09:39",B1082,CA1523,11308.08,877.848,168,117.76951,34.95799
1673665794,"2023-01-14 03:09:54",B1082,CA1523,11308.08,875.996,168,117.77759,34.92567
1673665809,"2023-01-14 03:10:09",B1082,CA1523,11308.08,874.144,168,117.785625,34.893649
1673665825,"2023-01-14 03:10:25",B1082,CA1523,11308.08,866.736,169,117.7935,34.86172
1673665839,"2023-01-14 03:10:39",B1082,CA1523,11308.08,827.844,179,117.79804,34.82835
1673665850,"2023-01-14 03:10:50",B1082,CA1523,11308.08,803.768,185,117.79707,34.807155
1673665863,"2023-01-14 03:11:03",B1082,CA1523,11308.08,777.84,193,117.79109,34.77841
1673665878,"2023-01-14 03:11:18",B1082,CA1523,11308.08,792.656,188,117.78368,34.74841
1673665893,"2023-01-14 03:11:33",B1082,CA1523,11308.08,829.696,178,117.78219,34.71987
1673665908,"2023-01-14 03:11:48",B1082,CA1523,11308.08,866.736,168,117.78728,34.68814
1673665923,"2023-01-14 03:12:03",B1082,CA1523,11308.08,888.96,162,117.79496,34.6653
1673665938,"2023-01-14 03:12:18",B1082,CA1523,11308.08,887.108,162,117.80903,34.63058
1673665953,"2023-01-14 03:12:33",B1082,CA1523,11308.08,881.552,163,117.82156,34.59804
1673665968,"2023-01-14 03:12:48",B1082,CA1523,11315.7,881.552,164,117.83283,34.56662
1673665983,"2023-01-14 03:13:03",B1082,CA1523,11308.08,883.404,164,117.84356,34.5358
1673665998,"2023-01-14 03:13:18",B1082,CA1523,11308.08,883.404,164,117.85466,34.50412
1673666013,"2023-01-14 03:13:33",B1082,CA1523,11308.08,881.552,164,117.86637,34.47107
1673666029,"2023-01-14 03:13:49",B1082,CA1523,11308.08,879.7,163,117.87741,34.44018
1673666043,"2023-01-14 03:14:03",B1082,CA1523,11308.08,874.144,163,117.88868,34.40877
1673666058,"2023-01-14 03:14:18",B1082,CA1523,11308.08,868.588,163,117.90006,34.37727
1673666073,"2023-01-14 03:14:33",B1082,CA1523,11308.08,859.328,163,117.910823,34.34729
1673666088,"2023-01-14 03:14:48",B1082,CA1523,11308.08,855.624,163,117.92192,34.31635
1673666103,"2023-01-14 03:15:03",B1082,CA1523,11308.08,855.624,164,117.93308,34.28498
1673666118,"2023-01-14 03:15:18",B1082,CA1523,11308.08,855.624,164,117.94395,34.25432
1673666133,"2023-01-14 03:15:33",B1082,CA1523,11308.08,853.772,163,117.95471,34.22413
1673666148,"2023-01-14 03:15:48",B1082,CA1523,11308.08,857.476,163,117.96627,34.19253
1673666159,"2023-01-14 03:15:59",B1082,CA1523,11308.08,857.476,163,117.97365,34.17237
1673666173,"2023-01-14 03:16:13",B1082,CA1523,11308.08,857.476,163,117.98537,34.14052
1673666188,"2023-01-14 03:16:28",B1082,CA1523,11308.08,859.328,163,117.99602,34.11145
1673666203,"2023-01-14 03:16:43",B1082,CA1523,11308.08,859.328,163,118.00747,34.08006
1673666218,"2023-01-14 03:16:58",B1082,CA1523,11308.08,859.328,163,118.01937,34.04747
1673666229,"2023-01-14 03:17:09",B1082,CA1523,11308.08,861.18,163,118.02738,34.0254
1673666243,"2023-01-14 03:17:23",B1082,CA1523,11308.08,861.18,163,118.0389,33.99358
1673666258,"2023-01-14 03:17:38",B1082,CA1523,11308.08,863.032,163,118.05027,33.96237
1673666273,"2023-01-14 03:17:53",B1082,CA1523,11308.08,864.884,163,118.06155,33.93141
1673666289,"2023-01-14 03:18:09",B1082,CA1523,11308.08,866.736,163,118.0727,33.90097
1673666303,"2023-01-14 03:18:23",B1082,CA1523,11308.08,872.292,161,118.08466,33.86955
1673666318,"2023-01-14 03:18:38",B1082,CA1523,11308.08,885.256,158,118.09826,33.8389
1673666338,"2023-01-14 03:18:58",B1082,CA1523,11308.08,898.22,155,118.1162,33.80438
1673666353,"2023-01-14 03:19:13",B1082,CA1523,11308.08,909.332,152,118.13616,33.77109
1673666364,"2023-01-14 03:19:24",B1082,CA1523,11308.08,916.74,150,118.14915,33.75149
1673666378,"2023-01-14 03:19:38",B1082,CA1523,11308.08,924.148,147,118.17169,33.72053
1673666393,"2023-01-14 03:19:53",B1082,CA1523,11308.08,933.408,145,118.1955,33.69116
1673666408,"2023-01-14 03:20:08",B1082,CA1523,11308.08,931.556,144,118.21936,33.66323
1673666419,"2023-01-14 03:20:19",B1082,CA1523,11308.08,933.408,145,118.23584,33.64354
1673666433,"2023-01-14 03:20:33",B1082,CA1523,11308.08,933.408,145,118.26061,33.6136
1673666448,"2023-01-14 03:20:48",B1082,CA1523,11308.08,933.408,145,118.28514,33.58379
1673666463,"2023-01-14 03:21:03",B1082,CA1523,11308.08,935.26,145,118.30805,33.55592
1673666478,"2023-01-14 03:21:18",B1082,CA1523,11308.08,935.26,145,118.33312,33.52557
1673666489,"2023-01-14 03:21:29",B1082,CA1523,11308.08,937.112,145,118.34879,33.50661
1673666503,"2023-01-14 03:21:43",B1082,CA1523,11308.08,937.112,145,118.37186,33.47874
1673666518,"2023-01-14 03:21:58",B1082,CA1523,11308.08,935.26,145,118.39607,33.44951
1673666534,"2023-01-14 03:22:14",B1082,CA1523,11308.08,929.704,145,118.41938,33.42133
1673666548,"2023-01-14 03:22:28",B1082,CA1523,11201.4,922.296,145,118.44432,33.3912
1673666563,"2023-01-14 03:22:43",B1082,CA1523,11079.48,924.148,145,118.4664,33.36447
1673666578,"2023-01-14 03:22:58",B1082,CA1523,10942.32,937.112,146,118.49161,33.33366
1673666593,"2023-01-14 03:23:13",B1082,CA1523,10812.78,951.928,145,118.51573,33.30423
1673666604,"2023-01-14 03:23:24",B1082,CA1523,10721.34,955.632,145,118.53188,33.28459
1673666618,"2023-01-14 03:23:38",B1082,CA1523,10599.42,953.78,145,118.55588,33.25552
1673666633,"2023-01-14 03:23:53",B1082,CA1523,10500.36,953.78,145,118.57401,33.23355
1673666648,"2023-01-14 03:24:08",B1082,CA1523,10370.82,942.668,145,118.59797,33.20436
1673666663,"2023-01-14 03:24:23",B1082,CA1523,10241.28,940.816,145,118.62191,33.17517
1673666678,"2023-01-14 03:24:38",B1082,CA1523,10096.5,944.52,144,118.64625,33.14575
1673666693,"2023-01-14 03:24:53",B1082,CA1523,9944.1,948.224,145,118.67031,33.11687
1673666708,"2023-01-14 03:25:08",B1082,CA1523,9791.7,940.816,145,118.69519,33.08702
1673666723,"2023-01-14 03:25:23",B1082,CA1523,9646.92,929.704,145,118.71804,33.05965
1673666738,"2023-01-14 03:25:38",B1082,CA1523,9486.9,916.74,144,118.74205,33.03094
1673666754,"2023-01-14 03:25:54",B1082,CA1523,9334.5,911.184,145,118.76753,33.00032
1673666768,"2023-01-14 03:26:08",B1082,CA1523,9174.48,911.184,145,118.7905,32.97258
1673666783,"2023-01-14 03:26:23",B1082,CA1523,9014.46,903.776,145,118.8145,32.94344
1673666798,"2023-01-14 03:26:38",B1082,CA1523,8854.44,892.664,145,118.83984,32.91257
1673666813,"2023-01-14 03:26:53",B1082,CA1523,8686.8,877.848,144,118.86295,32.88469
1673666828,"2023-01-14 03:27:08",B1082,CA1523,8534.4,874.144,142,118.8862,32.85792
1673666843,"2023-01-14 03:27:23",B1082,CA1523,8374.38,868.588,141,118.91035,32.83157
1673666863,"2023-01-14 03:27:43",B1082,CA1523,8237.22,851.92,141,118.93631,32.80397
1673666878,"2023-01-14 03:27:58",B1082,CA1523,8183.88,822.288,141,118.96019,32.77869
1673666893,"2023-01-14 03:28:13",B1082,CA1523,8100.06,798.212,142,118.98248,32.75473
1673666908,"2023-01-14 03:28:28",B1082,CA1523,7993.38,783.396,142,119.00391,32.7313
1673666923,"2023-01-14 03:28:43",B1082,CA1523,7802.88,779.692,142,119.02521,32.70765
1673666938,"2023-01-14 03:28:58",B1082,CA1523,7650.48,772.284,143,119.046226,32.68414
1673666953,"2023-01-14 03:29:13",B1082,CA1523,7513.32,763.024,143,119.06752,32.66034
1673666964,"2023-01-14 03:29:24",B1082,CA1523,7399.02,759.32,143,119.08103,32.64532
1673666978,"2023-01-14 03:29:38",B1082,CA1523,7223.76,755.616,143,119.10146,32.62262
1673666993,"2023-01-14 03:29:53",B1082,CA1523,6972.3,763.024,142,119.125305,32.596069
1673667008,"2023-01-14 03:30:08",B1082,CA1523,6728.46,777.84,143,119.14482,32.57409
1673667023,"2023-01-14 03:30:23",B1082,CA1523,6621.78,763.024,143,119.166907,32.549697
1673667038,"2023-01-14 03:30:38",B1082,CA1523,6522.72,748.208,142,119.18653,32.52819
1673667053,"2023-01-14 03:30:53",B1082,CA1523,6393.18,742.652,142,119.20677,32.50575
1673667068,"2023-01-14 03:31:08",B1082,CA1523,6324.6,742.652,143,119.22083,32.49016
1673667083,"2023-01-14 03:31:23",B1082,CA1523,6309.36,740.8,143,119.24123,32.4673
1673667094,"2023-01-14 03:31:34",B1082,CA1523,6309.36,742.652,142,119.25428,32.45274
1673667109,"2023-01-14 03:31:49",B1082,CA1523,6309.36,737.096,143,119.27384,32.43091
1673667123,"2023-01-14 03:32:03",B1082,CA1523,6316.98,737.096,143,119.29466,32.4077
1673667138,"2023-01-14 03:32:18",B1082,CA1523,6309.36,740.8,143,119.31567,32.3842
1673667153,"2023-01-14 03:32:33",B1082,CA1523,6309.36,742.652,142,119.33448,32.36311
1673667168,"2023-01-14 03:32:48",B1082,CA1523,6309.36,742.652,142,119.35575,32.33942
1673667183,"2023-01-14 03:33:03",B1082,CA1523,6309.36,740.8,143,119.37514,32.31777
1673667194,"2023-01-14 03:33:14",B1082,CA1523,6309.36,738.948,142,119.38738,32.30411
1673667208,"2023-01-14 03:33:28",B1082,CA1523,6309.36,740.8,143,119.4076,32.28156
1673667223,"2023-01-14 03:33:43",B1082,CA1523,6309.36,740.8,143,119.42765,32.25911
1673667238,"2023-01-14 03:33:58",B1082,CA1523,6309.36,742.652,142,119.44698,32.23746
1673667253,"2023-01-14 03:34:13",B1082,CA1523,6309.36,744.504,142,119.4678,32.21407
1673667268,"2023-01-14 03:34:28",B1082,CA1523,6309.36,746.356,142,119.48702,32.19255
1673667283,"2023-01-14 03:34:43",B1082,CA1523,6309.36,746.356,143,119.506979,32.170157
1673667298,"2023-01-14 03:34:58",B1082,CA1523,6309.36,744.504,142,119.52691,32.14774
1673667313,"2023-01-14 03:35:13",B1082,CA1523,6309.36,746.356,143,119.54683,32.12533
1673667328,"2023-01-14 03:35:28",B1082,CA1523,6309.36,746.356,142,119.56838,32.10109
1673667343,"2023-01-14 03:35:43",B1082,CA1523,6309.36,742.652,142,119.58799,32.07907
1673667358,"2023-01-14 03:35:58",B1082,CA1523,6233.16,738.948,142,119.60843,32.05615
1673667373,"2023-01-14 03:36:13",B1082,CA1523,6057.9,738.948,142,119.62705,32.03526
1673667388,"2023-01-14 03:36:28",B1082,CA1523,5928.36,729.688,142,119.64836,32.01128
1673667403,"2023-01-14 03:36:43",B1082,CA1523,5836.92,714.872,142,119.66885,31.9882
1673667418,"2023-01-14 03:36:58",B1082,CA1523,5722.62,711.168,143,119.68781,31.96682
1673667433,"2023-01-14 03:37:13",B1082,CA1523,5707.38,714.872,140,119.70143,31.95164
1673667448,"2023-01-14 03:37:28",B1082,CA1523,5699.76,733.392,127,119.72527,31.93204
1673667463,"2023-01-14 03:37:43",B1082,CA1523,5699.76,737.096,122,119.75224,31.9167
1673667478,"2023-01-14 03:37:58",B1082,CA1523,5699.76,737.096,123,119.77872,31.9021
1673667493,"2023-01-14 03:38:13",B1082,CA1523,5699.76,735.244,123,119.80624,31.88647
1673667508,"2023-01-14 03:38:28",B1082,CA1523,5699.76,737.096,124,119.83321,31.87092
1673667523,"2023-01-14 03:38:43",B1082,CA1523,5699.76,733.392,124,119.85963,31.85564
1673667538,"2023-01-14 03:38:58",B1082,CA1523,5676.9,733.392,124,119.88724,31.83964
1673667553,"2023-01-14 03:39:13",B1082,CA1523,5539.74,733.392,124,119.91231,31.82515
1673667568,"2023-01-14 03:39:28",B1082,CA1523,5387.34,733.392,124,119.93945,31.80949
1673667583,"2023-01-14 03:39:43",B1082,CA1523,5257.8,724.132,124,119.96884,31.7926
1673667599,"2023-01-14 03:39:59",B1082,CA1523,5166.36,713.02,124,119.99559,31.77722
1673667613,"2023-01-14 03:40:13",B1082,CA1523,5113.02,690.796,123,120.02197,31.76207
1673667628,"2023-01-14 03:40:28",B1082,CA1523,5074.92,674.128,124,120.04744,31.74742
1673667643,"2023-01-14 03:40:43",B1082,CA1523,5036.82,655.608,124,120.07106,31.73373
1673667654,"2023-01-14 03:40:54",B1082,CA1523,5006.34,644.496,124,120.08622,31.72493
1673667668,"2023-01-14 03:41:08",B1082,CA1523,4953,631.532,124,120.10935,31.71148
1673667683,"2023-01-14 03:41:23",B1082,CA1523,4876.8,624.124,124,120.13204,31.69835
1673667698,"2023-01-14 03:41:38",B1082,CA1523,4777.74,622.272,124,120.15478,31.68518
1673667713,"2023-01-14 03:41:53",B1082,CA1523,4671.06,620.42,124,120.17767,31.67184
1673667728,"2023-01-14 03:42:08",B1082,CA1523,4572,620.42,124,120.20029,31.65866
1673667743,"2023-01-14 03:42:23",B1082,CA1523,4518.66,613.012,124,120.22234,31.64584
1673667758,"2023-01-14 03:42:38",B1082,CA1523,4511.04,609.308,124,120.24476,31.63285
1673667773,"2023-01-14 03:42:53",B1082,CA1523,4511.04,614.864,124,120.267549,31.619614
1673667788,"2023-01-14 03:43:08",B1082,CA1523,4511.04,614.864,124,120.289362,31.606921
1673667803,"2023-01-14 03:43:23",B1082,CA1523,4511.04,618.568,122,120.311495,31.594162
1673667818,"2023-01-14 03:43:38",B1082,CA1523,4457.7,618.568,110,120.335999,31.583692
1673667833,"2023-01-14 03:43:53",B1082,CA1523,4373.88,611.16,108,120.362118,31.576309
1673667848,"2023-01-14 03:44:08",B1082,CA1523,4312.92,600.048,109,120.386891,31.569397
1673667859,"2023-01-14 03:44:19",B1082,CA1523,4259.58,596.344,109,120.403586,31.564545
1673667873,"2023-01-14 03:44:33",B1082,CA1523,4160.52,594.492,109,120.42784,31.55734
1673667888,"2023-01-14 03:44:48",B1082,CA1523,4069.08,590.788,109,120.45317,31.54976
1673667903,"2023-01-14 03:45:03",B1082,CA1523,4000.5,583.38,109,120.476882,31.542618
1673667918,"2023-01-14 03:45:18",B1082,CA1523,3886.2,585.232,109,120.5016,31.5352
1673667933,"2023-01-14 03:45:33",B1082,CA1523,3794.76,588.936,109,120.52546,31.52806
1673667948,"2023-01-14 03:45:48",B1082,CA1523,3718.56,592.64,109,120.550012,31.52066
1673667963,"2023-01-14 03:46:03",B1082,CA1523,3642.36,592.64,109,120.57501,31.51312
1673667979,"2023-01-14 03:46:19",B1082,CA1523,3604.26,583.38,109,120.598755,31.505997
1673667993,"2023-01-14 03:46:33",B1082,CA1523,3589.02,574.12,109,120.622397,31.498947
1673668008,"2023-01-14 03:46:48",B1082,CA1523,3482.34,577.824,109,120.64636,31.4918
1673668023,"2023-01-14 03:47:03",B1082,CA1523,3390.9,570.416,109,120.672345,31.483977
1673668038,"2023-01-14 03:47:18",B1082,CA1523,3322.32,563.008,109,120.695801,31.476947
1673668053,"2023-01-14 03:47:33",B1082,CA1523,3246.12,559.304,109,120.718652,31.470151
1673668068,"2023-01-14 03:47:48",B1082,CA1523,3147.06,557.452,109,120.74222,31.4631
1673668083,"2023-01-14 03:48:03",B1082,CA1523,3048,559.304,109,120.765179,31.456232
1673668098,"2023-01-14 03:48:18",B1082,CA1523,2948.94,557.452,109,120.787976,31.449388
1673668114,"2023-01-14 03:48:34",B1082,CA1523,2849.88,555.6,109,120.811157,31.442406
1673668128,"2023-01-14 03:48:48",B1082,CA1523,2773.68,550.044,109,120.833722,31.435593
1673668143,"2023-01-14 03:49:03",B1082,CA1523,2689.86,546.34,109,120.856036,31.428812
1673668159,"2023-01-14 03:49:19",B1082,CA1523,2567.94,550.044,109,120.879499,31.421722
1673668173,"2023-01-14 03:49:33",B1082,CA1523,2484.12,548.192,110,120.90201,31.414902
1673668188,"2023-01-14 03:49:48",B1082,CA1523,2392.68,544.488,109,120.924591,31.408003
1673668203,"2023-01-14 03:50:03",B1082,CA1523,2308.86,538.932,109,120.94821,31.40083
1673668218,"2023-01-14 03:50:18",B1082,CA1523,2217.42,537.08,109,120.9703,31.39417
1673668233,"2023-01-14 03:50:33",B1082,CA1523,2118.36,538.932,109,120.9932,31.38724
1673668248,"2023-01-14 03:50:48",B1082,CA1523,2095.5,538.932,109,121.00896,31.38245
1673668259,"2023-01-14 03:50:59",B1082,CA1523,2087.88,542.636,109,121.02453,31.37769
1673668273,"2023-01-14 03:51:13",B1082,CA1523,2087.88,537.08,110,121.04736,31.37072
1673668288,"2023-01-14 03:51:28",B1082,CA1523,2087.88,527.82,109,121.069282,31.36409
1673668303,"2023-01-14 03:51:43",B1082,CA1523,2087.88,525.968,110,121.09241,31.35708
1673668318,"2023-01-14 03:51:58",B1082,CA1523,2087.88,525.968,109,121.11312,31.35079
1673668333,"2023-01-14 03:52:13",B1082,CA1523,2087.88,525.968,110,121.13438,31.34423
1673668348,"2023-01-14 03:52:28",B1082,CA1523,2087.88,527.82,110,121.15604,31.3374
1673668361,"2023-01-14 03:52:41",B1082,CA1523,2087.88,529.672,114,121.19458,31.32514
1673668378,"2023-01-14 03:52:58",B1082,CA1523,2087.88,525.968,122,121.20333,31.32124
1673668393,"2023-01-14 03:53:13",B1082,CA1523,2087.88,505.596,153,121.21798,31.3075
1673668408,"2023-01-14 03:53:28",B1082,CA1523,2087.88,468.556,179,121.22271,31.29004
1673668423,"2023-01-14 03:53:43",B1082,CA1523,2080.26,442.628,181,121.22218,31.2729
1673668438,"2023-01-14 03:53:58",B1082,CA1523,2080.26,420.404,176,121.22261,31.25688
1673668453,"2023-01-14 03:54:13",B1082,CA1523,2080.26,396.328,175,121.22386,31.24107
1673668464,"2023-01-14 03:54:24",B1082,CA1523,2087.88,377.808,175,121.22487,31.23033
1673668483,"2023-01-14 03:54:43",B1082,CA1523,2087.88,359.288,175,121.22622,31.21584
1673668498,"2023-01-14 03:54:58",B1082,CA1523,2087.88,355.584,176,121.22732,31.20173
1673668513,"2023-01-14 03:55:13",B1082,CA1523,2072.64,351.88,176,121.22826,31.18671
1673668529,"2023-01-14 03:55:29",B1082,CA1523,2011.68,351.88,177,121.22902,31.17268
1673668543,"2023-01-14 03:55:43",B1082,CA1523,1943.1,351.88,177,121.22979,31.15876
1673668558,"2023-01-14 03:55:58",B1082,CA1523,1889.76,350.028,177,121.23031,31.14876
1673668573,"2023-01-14 03:56:13",B1082,CA1523,1828.8,350.028,177,121.23101,31.13525
1673668588,"2023-01-14 03:56:28",B1082,CA1523,1767.84,346.324,177,121.23166,31.12227
1673668603,"2023-01-14 03:56:43",B1082,CA1523,1714.5,340.768,178,121.2321,31.10951
1673668618,"2023-01-14 03:56:58",B1082,CA1523,1661.16,338.916,179,121.23237,31.09671
1673668633,"2023-01-14 03:57:13",B1082,CA1523,1592.58,337.064,179,121.23254,31.08381
1673668648,"2023-01-14 03:57:28",B1082,CA1523,1531.62,335.212,181,121.23259,31.07041
1673668663,"2023-01-14 03:57:43",B1082,CA1523,1470.66,335.212,181,121.23246,31.05803
1673668674,"2023-01-14 03:57:54",B1082,CA1523,1432.56,337.064,181,121.23237,31.05123
1673668688,"2023-01-14 03:58:08",B1082,CA1523,1356.36,340.768,183,121.23193,31.03796
1673668703,"2023-01-14 03:58:23",B1082,CA1523,1280.16,342.62,184,121.23117,31.02498
1673668718,"2023-01-14 03:58:38",B1082,CA1523,1196.34,348.176,177,121.23045,31.010913
1673668733,"2023-01-14 03:58:53",B1082,CA1523,1143,329.656,139,121.23561,30.9996
1673668748,"2023-01-14 03:59:08",B1082,CA1523,1097.28,303.728,96,121.24921,30.9939
1673668763,"2023-01-14 03:59:23",B1082,CA1523,1051.56,290.764,86,121.26248,30.99411
1673668778,"2023-01-14 03:59:38",B1082,CA1523,1013.46,281.504,86,121.27188,30.99463
1673668793,"2023-01-14 03:59:53",B1082,CA1523,967.74,272.244,87,121.2854,30.995178
1673668809,"2023-01-14 04:00:09",B1082,CA1523,914.4,270.392,88,121.298649,30.995544
1673668823,"2023-01-14 04:00:23",B1082,CA1523,876.3,281.504,63,121.310066,30.997055
1673668838,"2023-01-14 04:00:38",B1082,CA1523,830.58,307.432,28,121.31874,31.00502
1673668853,"2023-01-14 04:00:53",B1082,CA1523,784.86,307.432,22,121.32444,31.01605
1673668868,"2023-01-14 04:01:08",B1082,CA1523,754.38,307.432,23,121.32949,31.02628
1673668883,"2023-01-14 04:01:23",B1082,CA1523,739.14,309.284,23,121.33411,31.03554
1673668898,"2023-01-14 04:01:38",B1082,CA1523,716.28,305.58,20,121.34044,31.04837
1673668913,"2023-01-14 04:01:53",B1082,CA1523,701.04,303.728,5,121.34333,31.05909
1673668928,"2023-01-14 04:02:08",B1082,CA1523,685.8,288.912,357,121.34344,31.06859
1673668943,"2023-01-14 04:02:23",B1082,CA1523,632.46,274.096,358,121.34276,31.07941
1673668958,"2023-01-14 04:02:38",B1082,CA1523,563.88,268.54,358,121.34211,31.09053
1673668973,"2023-01-14 04:02:53",B1082,CA1523,502.92,262.984,358,121.34157,31.10115
1673668993,"2023-01-14 04:03:13",B1082,CA1523,434.34,246.316,358,121.340973,31.112071
1673669008,"2023-01-14 04:03:28",B1082,CA1523,381,218.536,358,121.34055,31.12038
1673669023,"2023-01-14 04:03:43",B1082,CA1523,327.66,220.388,358,121.34015,31.12846
1673669038,"2023-01-14 04:03:58",B1082,CA1523,289.56,218.536,358,121.33965,31.13679
1673669053,"2023-01-14 04:04:13",B1082,CA1523,236.22,201.868,358,121.33916,31.144704
1673669068,"2023-01-14 04:04:28",B1082,CA1523,190.5,205.572,358,121.33877,31.15279
1673669083,"2023-01-14 04:04:43",B1082,CA1523,137.16,224.092,358,121.33823,31.16244
1673669098,"2023-01-14 04:04:58",B1082,CA1523,76.2,209.276,358,121.33779,31.17082
1673669118,"2023-01-14 04:05:18",B1082,CA1523,30.48,212.98,358,121.33729,31.17994
1673669179,"2023-01-14 04:06:19",B1082,CA1523,0,50.004,351,121.33604,31.20193
1673669281,"2023-01-14 04:08:01",B1082,CA1523,68.58,25.928,348,121.333749,31.210319
1673669294,"2023-01-14 04:08:14",B1082,CA1523,68.58,22.224,356,121.333694,31.211346
1673669339,"2023-01-14 04:08:59",B1082,CA1523,68.58,0,254,121.332927,31.211689
1673669452,"2023-01-14 04:10:52",B1082,CA1523,68.58,24.076,266,121.331836,31.211643
1673669555,"2023-01-14 04:12:35",B1082,CA1523,68.58,48.152,177,121.330179,31.205571
1673669594,"2023-01-14 04:13:14",B1082,CA1523,68.58,44.448,177,121.330423,31.201046
1673669644,"2023-01-14 04:14:04",B1082,CA1523,68.58,11.112,177,121.330625,31.197441
1673669776,"2023-01-14 04:16:16",B1082,CA1523,68.58,7.408,248,121.327899,31.196517
1673669896,"2023-01-14 04:18:16",B1082,CA1523,68.58,1.852,256,121.325139,31.19597
